ParName   Value   Gradient
SR_parm[1]      9.93842 -1.36217e-06
recdev_early(-28)  0.000116427 -6.64573e-09
recdev_early(-27)  0.000139323 -7.60725e-09
recdev_early(-26)  0.000166689 -8.60859e-09
recdev_early(-25)  0.000199383 -9.61839e-09
recdev_early(-24)  0.000238425 -1.05651e-08
recdev_early(-23)  0.000285024 -1.13495e-08
recdev_early(-22)  0.000340609 -1.18319e-08
recdev_early(-21)  0.000406865  -1.1824e-08
recdev_early(-20)  0.000485777 -1.10939e-08
recdev_early(-19)   0.00057967 -9.36855e-09
recdev_early(-18)  0.000691255 -6.36575e-09
recdev_early(-17)  0.000823681 -1.85376e-09
recdev_early(-16)   0.00098057  4.23483e-09
recdev_early(-15)   0.00116605  1.16502e-08
recdev_early(-14)    0.0013848  1.96192e-08
recdev_early(-13)   0.00164202  2.66505e-08
recdev_early(-12)   0.00194351  3.04998e-08
recdev_early(-11)   0.00229562  2.84662e-08
recdev_early(-10)   0.00270497  1.83246e-08
recdev_early(-9)   0.00317804 -2.67994e-13
recdev_early(-8)   0.00372087 -2.25002e-08
recdev_early(-7)   0.00433918 -4.03674e-08
recdev_early(-6)   0.00503751  -4.2639e-08
recdev_early(-5)   0.00581857 -2.36315e-08
recdev_early(-4)     0.006688  7.93007e-09
recdev_early(-3)   0.00801172  2.63128e-08
recdev_early(-2)   0.00850867  1.47166e-08
recdev_early(-1)   0.00945062 -2.01613e-08
recdev_early(0)    0.0104603 -2.89934e-08
recdev1(1)    0.0152423  1.88107e-08
recdev1(2)    0.0164671 -1.94028e-08
recdev1(3)    0.0181569 -4.51395e-08
recdev1(4)    0.0193745 -1.17916e-08
recdev1(5)    0.0213883  3.73632e-08
recdev1(6)    0.0228862  4.24758e-08
recdev1(7)    0.0247591  1.82562e-09
recdev1(8)    0.0258552 -3.08053e-09
recdev1(9)    0.0268814  3.08958e-08
recdev1(10)    0.0281522  7.42639e-08
recdev1(11)    0.0298515 -2.75572e-08
recdev1(12)    0.0332002  7.93086e-09
recdev1(13)    0.0412528 -7.46201e-09
recdev1(14)    0.0565418  5.78923e-10
recdev1(15)    0.0788864 -2.07066e-09
recdev1(16)     0.100949  3.64759e-09
recdev1(17)    0.0982821  1.14654e-09
recdev1(18)     0.048075  2.11259e-08
recdev1(19)  -0.00762692 -2.39152e-08
recdev1(20)    0.0310443  3.04381e-08
recdev1(21)     0.119645 -1.56666e-08
recdev1(22)   -0.0525295  5.60883e-09
recdev1(23)    -0.388327 -4.72881e-10
recdev1(24)    -0.437415  8.65425e-09
recdev1(25)    -0.894585  7.12587e-09
recdev1(26)      1.70637 -6.04648e-08
recdev1(27)     0.146366 -8.96851e-09
recdev1(28)    -0.775554  5.15813e-09
recdev1(29)    -0.798406  3.25287e-09
recdev1(30)    -0.507282   2.4445e-09
recdev1(31)      1.68554  -8.2622e-08
recdev1(32)      1.19051 -5.46077e-08
recdev1(33)     -0.11117 -5.64673e-09
recdev1(34)    0.0904926 -1.54269e-08
recdev1(35)    0.0131059 -6.77636e-09
recdev1(36)    -0.494833 -6.13494e-09
recdev1(37)    -0.108155  -1.1575e-08
recdev1(38)    -0.244296 -8.10646e-09
recdev1(39)      1.21275 -7.09186e-08
recdev1(40)    -0.234474 -1.48352e-08
recdev1(41)     0.313573 -1.83296e-08
recdev1(42)     0.253446 -2.30468e-08
recdev1(43)     0.895628 -4.66374e-08
recdev1(44)     -1.11022  9.26633e-09
recdev1(45)    -0.375677 -4.87296e-09
recdev1(46)       1.3587 -7.33163e-08
recdev1(47)    -0.110228 -1.90503e-09
recdev1(48)    -0.736889 -1.84699e-08
recdev1(49)     -0.98468  3.00103e-08
recdev1(50)    -0.871109 -1.06997e-08
recdev1(51)    -0.323284  4.20783e-09
recdev1(52)     0.478127 -1.17511e-08
recdev1(53)     0.895174 -2.12609e-08
recdev1(54)     0.249001 -5.42993e-09
recdev1(55)     0.181198 -3.49604e-10
recdev1(56)   -0.0319816  2.90551e-09
recdev1(57)    -0.953343  7.69404e-09
recdev1(58)    -0.695608  1.11332e-08
recdev1(59)     0.764426 -2.10191e-10
recdev1(60)    -0.541949  1.33593e-08
recdev1(61)        1.622 -5.50003e-09
recdev1(62)    -0.329331  8.00824e-09
recdev1(63)    0.0478922  1.12387e-08
recdev1(64)    -0.413909  2.45081e-09
recdev1(65)    -0.467559  1.41518e-08
recdev1(66)     -1.33736  9.11168e-09
recdev1(67)   -0.0313111  8.14624e-09
recdev1(68)     0.394049   1.0326e-08
recdev1(69)     0.311184  1.19448e-08
recdev1(70)     -1.05817  9.82056e-09
recdev1(71)    -0.267179  1.18876e-08
recdev1(72)    -0.717682  6.77941e-09
recdev1(73)      1.15672  1.28698e-08
recdev1(74)    -0.514127 -9.05868e-09
recdev1(75)    -0.527167  2.62495e-08
recdev1(76)      1.55967   8.2631e-09
recdev1(77)    -0.142501  1.79465e-08
recdev1(78)     -1.23126  5.36806e-09
recdev1(79)     -1.10075  1.16955e-08
recdev1(80)     0.484171  1.25391e-08
recdev1(81)    -0.193746  1.04258e-08
recdev1(82)     -0.54649  1.44922e-08
recdev1(83)    -0.353201  9.89976e-09
recdev1(84)    0.0328879  1.22513e-08
recdev1(85)      1.07409  1.12241e-08
recdev1(86)    -0.407552  1.03735e-08
recdev1(87)      1.05282  1.25973e-08
recdev1(88)     0.194115  1.24001e-08
recdev1(89)       0.1125   1.2812e-08
recdev1(90)     -1.25911  9.75543e-09
recdev1(91)    -0.661343   1.1132e-08
recdev1(92)    -0.480342  1.47769e-08
recdev1(93)     0.039648  1.06495e-08
recdev1(94)     0.998263   1.2233e-08
recdev1(95)      1.75862  1.16763e-08
recdev1(96)     0.728202  1.12975e-08
recdev1(97)   -0.0284239  9.87618e-09
Fcast_recruitments(98)    -0.646585 -6.19657e-10
Fcast_recruitments(99)    -0.268518  6.99994e-10
Fcast_recruitments(100)    -0.205478  1.77604e-09
Fcast_recruitments(101)            0            0
Fcast_recruitments(102)            0            0
Fcast_recruitments(103)            0            0
Fcast_recruitments(104)            0            0
Fcast_recruitments(105)            0            0
Fcast_recruitments(106)            0            0
Fcast_recruitments(107)            0            0
Fcast_recruitments(108)            0            0
Fcast_recruitments(109)            0            0
Fcast_recruitments(110)            0            0
selparm[1]       41.654 -1.21144e-07
selparm[3]      5.08496  2.71938e-07
