ParName   Value   Gradient
SR_parm[1]      9.88859  0.000340179
recdev_early(-28)   0.00842143  -1.9973e-06
recdev_early(-27)   0.00921332  1.27894e-06
recdev_early(-26)    0.0100803  2.78077e-06
recdev_early(-25)    0.0110268  2.82858e-06
recdev_early(-24)    0.0120612  1.98393e-06
recdev_early(-23)     0.013191  9.06917e-07
recdev_early(-22)     0.014424  1.50646e-07
recdev_early(-21)     0.015771 -5.93861e-08
recdev_early(-20)    0.0172406  6.73429e-08
recdev_early(-19)    0.0188409  1.67155e-08
recdev_early(-18)     0.020585 -6.21749e-07
recdev_early(-17)    0.0224826 -1.67181e-06
recdev_early(-16)    0.0245446 -2.25397e-06
recdev_early(-15)    0.0267832 -1.43684e-06
recdev_early(-14)    0.0292085  5.87858e-07
recdev_early(-13)    0.0318317  2.04011e-06
recdev_early(-12)    0.0346619  1.08578e-06
recdev_early(-11)     0.037707 -1.50618e-06
recdev_early(-10)    0.0409738 -2.33342e-06
recdev_early(-9)    0.0444645  1.47272e-07
recdev_early(-8)    0.0481779  2.47866e-06
recdev_early(-7)    0.0521078   1.4566e-06
recdev_early(-6)    0.0562459 -1.36902e-07
recdev_early(-5)     0.060588  2.98611e-08
recdev_early(-4)    0.0651445 -7.64641e-07
recdev_early(-3)    0.0699554 -1.62965e-07
recdev_early(-2)    0.0750754  2.89284e-06
recdev_early(-1)    0.0805395 -1.34322e-06
recdev_early(0)    0.0863595  1.58876e-06
recdev1(1)     0.132461 -2.81843e-07
recdev1(2)     0.139276 -9.19834e-07
recdev1(3)     0.146368 -2.22636e-07
recdev1(4)     0.153616  -1.1004e-06
recdev1(5)     0.160814 -2.00746e-06
recdev1(6)     0.167621 -1.76546e-06
recdev1(7)     0.173483  2.41414e-07
recdev1(8)     0.177544   3.7584e-07
recdev1(9)      0.17854 -8.59939e-07
recdev1(10)     0.174724 -9.76516e-07
recdev1(11)     0.163911  1.99346e-06
recdev1(12)     0.143762  -3.9772e-07
recdev1(13)     0.112385 -1.78948e-07
recdev1(14)    0.0691029 -2.02688e-06
recdev1(15)    0.0150591 -1.28118e-06
recdev1(16)   -0.0449397 -1.18118e-06
recdev1(17)    -0.102475  3.31291e-06
recdev1(18)    -0.136471  7.56066e-06
recdev1(19)   -0.0947357 -6.10098e-06
recdev1(20)    0.0954589 -1.58248e-06
recdev1(21)    0.0961902  4.51486e-06
recdev1(22)    -0.390561 -1.20463e-08
recdev1(23)    -0.620754  -1.6512e-07
recdev1(24)     -0.70634   -2.143e-06
recdev1(25)    -0.343396  1.58394e-06
recdev1(26)    -0.437061 -9.97105e-07
recdev1(27)     0.359525  2.28727e-06
recdev1(28)    -0.100401  2.06431e-06
recdev1(29)    -0.188285  8.47563e-07
recdev1(30)      1.11529  8.57025e-06
recdev1(31)   -0.0994341  2.78012e-06
recdev1(32)     0.542815  3.78114e-06
recdev1(33)     0.853045  6.33954e-06
recdev1(34)     0.301132  5.54096e-06
recdev1(35)     0.958408  8.76743e-06
recdev1(36)      0.11996 -1.90483e-06
recdev1(37)    0.0891344  4.04248e-06
recdev1(38)    -0.222425 -1.59131e-07
recdev1(39)      0.20286  5.73284e-07
recdev1(40)    -0.279971    -9.48e-07
recdev1(41)    -0.634774 -3.52811e-06
recdev1(42)    -0.510055  1.82439e-06
recdev1(43)    -0.416692 -1.86763e-06
recdev1(44)      1.59847  1.78355e-05
recdev1(45)     0.729805  6.91383e-06
recdev1(46)   -0.0962959  4.66823e-06
recdev1(47)    -0.740708 -3.49983e-06
recdev1(48)    -0.267611  6.77585e-08
recdev1(49)     0.739719  4.54819e-06
recdev1(50)     0.261232  2.17626e-06
recdev1(51)    -0.486533 -2.10841e-06
recdev1(52)      -0.0983  1.34553e-06
recdev1(53)   -0.0591846   1.8878e-06
recdev1(54)      1.00536  7.34201e-06
recdev1(55)   -0.0424485 -5.40687e-06
recdev1(56)      1.37518  8.53937e-06
recdev1(57)    -0.575283 -1.29078e-06
recdev1(58)    -0.664955 -2.32265e-06
recdev1(59)    -0.255503  -1.8139e-06
recdev1(60)     0.392811  3.59266e-07
recdev1(61)    -0.394546 -2.99741e-06
recdev1(62)    -0.451427 -1.07711e-06
recdev1(63)    -0.237679  6.70046e-07
recdev1(64)    -0.973298 -2.01327e-06
recdev1(65)    -0.992038 -9.87851e-07
recdev1(66)     0.550168 -1.15323e-06
recdev1(67)    -0.279528 -1.68882e-06
recdev1(68)      -0.1571 -2.93019e-06
recdev1(69)      0.40327  6.21538e-08
recdev1(70)      1.33214  1.35911e-06
recdev1(71)    -0.126914 -2.37926e-06
recdev1(72)    0.0399099 -1.23295e-06
recdev1(73)     0.136963 -1.81439e-06
recdev1(74)    -0.199751 -2.00985e-06
recdev1(75)    -0.814702 -3.48835e-06
recdev1(76)     -0.22641 -3.64229e-06
recdev1(77)    -0.309417 -2.53184e-06
recdev1(78)    -0.259242 -1.85159e-06
recdev1(79)   -0.0129954 -5.10625e-06
recdev1(80)    -0.288388  8.13559e-07
recdev1(81)    -0.283818 -4.38096e-06
recdev1(82)     -0.10442  -1.9904e-06
recdev1(83)    -0.645261 -1.77716e-06
recdev1(84)     0.241503 -1.71743e-06
recdev1(85)   -0.0656878  -3.8831e-06
recdev1(86)    0.0404471 -2.29447e-06
recdev1(87)      0.72736 -3.42035e-06
recdev1(88)    -0.575946 -1.29721e-06
recdev1(89)    -0.351857 -3.43088e-06
recdev1(90)     0.628462 -4.23466e-06
recdev1(91)     0.334782 -2.34249e-06
recdev1(92)   -0.0178876 -2.55363e-06
recdev1(93)    -0.112298 -4.12015e-06
recdev1(94)    -0.242876 -1.53283e-06
recdev1(95)    -0.180719 -2.04115e-06
recdev1(96)    -0.460267 -2.66262e-06
Fcast_recruitments(97)      1.46054 -2.55117e-06
Fcast_recruitments(98)   -0.0665637  5.25458e-07
Fcast_recruitments(99)    -0.175739 -9.44566e-07
Fcast_recruitments(100)   -0.0259937  1.82624e-06
Fcast_recruitments(101)            0            0
Fcast_recruitments(102)            0            0
Fcast_recruitments(103)            0            0
Fcast_recruitments(104)            0            0
Fcast_recruitments(105)            0            0
Fcast_recruitments(106)            0            0
Fcast_recruitments(107)            0            0
Fcast_recruitments(108)            0            0
Fcast_recruitments(109)            0            0
Fcast_recruitments(110)            0            0
selparm[1]      42.1755  4.86548e-05
selparm[3]       5.1158 -6.54371e-05
