ParName   Value   Gradient
SR_parm[1]      10.5203  6.09046e-05
recdev_early(-28)     0.133714 -5.61864e-08
recdev_early(-27)      4.86066 -1.01974e-06
recdev_early(-26)   -0.0627381   -1.168e-07
recdev_early(-25)    -0.170083  1.40799e-07
recdev_early(-24)    -0.281302   6.8005e-08
recdev_early(-23)    -0.395022 -1.73088e-07
recdev_early(-22)    -0.510006 -6.40354e-08
recdev_early(-21)    -0.625074  5.42164e-08
recdev_early(-20)     -0.73904  3.82365e-08
recdev_early(-19)    -0.850647  8.66088e-08
recdev_early(-18)    -0.958493 -5.95987e-08
recdev_early(-17)     -1.06096 -7.32018e-08
recdev_early(-16)     -1.15608  1.11633e-07
recdev_early(-15)     -1.24144  1.20532e-07
recdev_early(-14)      -1.3221  1.10198e-07
recdev_early(-13)     -1.38598   3.4459e-07
recdev_early(-12)     -1.42715  1.02166e-07
recdev_early(-11)      -1.4371  1.75014e-07
recdev_early(-10)     -1.40323   3.4593e-07
recdev_early(-9)     -1.30617  5.40194e-07
recdev_early(-8)     -1.11528  9.17516e-07
recdev_early(-7)    -0.781872  5.76093e-07
recdev_early(-6)    -0.237618  6.72588e-07
recdev_early(-5)     0.458334  3.12762e-06
recdev_early(-4)       1.9492  1.65777e-05
recdev_early(-3)     0.821359  4.11756e-06
recdev_early(-2)     0.317281  4.22891e-06
recdev_early(-1)      1.38175   6.0134e-06
recdev_early(0)      1.62194  4.51101e-06
recdev1(1)   -0.0386493  1.06512e-06
recdev1(2)     0.230618 -1.15166e-08
recdev1(3)      1.15149 -7.12805e-07
recdev1(4)     0.778475 -4.48491e-07
recdev1(5)     0.681729  -1.0463e-06
recdev1(6)     0.468644 -3.39817e-07
recdev1(7)    0.0984282   3.2382e-08
recdev1(8)    -0.312906  7.45553e-08
recdev1(9)    -0.319994 -3.10699e-07
recdev1(10)    -0.326175  6.66782e-08
recdev1(11)    -0.158368 -1.55377e-07
recdev1(12)    -0.256066 -4.26059e-07
recdev1(13)      1.56603  -3.1432e-07
recdev1(14)      1.55547 -6.06894e-07
recdev1(15)    -0.867146 -9.28607e-08
recdev1(16)     -1.22339  1.07736e-07
recdev1(17)    -0.712395  1.61617e-07
recdev1(18)     0.111744 -1.65025e-07
recdev1(19)     0.481682 -4.38721e-08
recdev1(20)    -0.239969 -2.42559e-07
recdev1(21)     0.106568  1.14986e-07
recdev1(22)    -0.165493  9.59175e-08
recdev1(23)     0.740179   1.0984e-07
recdev1(24)     0.742455  6.82417e-07
recdev1(25)     0.297704  2.37577e-07
recdev1(26)     0.399822  2.07322e-07
recdev1(27)    -0.964936 -7.38047e-07
recdev1(28)    0.0894388  2.21689e-07
recdev1(29)    -0.262767  3.14447e-07
recdev1(30)   -0.0448315 -9.93821e-08
recdev1(31)    -0.379947 -4.53092e-09
recdev1(32)    -0.802668  -4.2539e-08
recdev1(33)    -0.786716  8.00534e-09
recdev1(34)    -0.969869  1.04755e-07
recdev1(35)    -0.291893  8.39241e-08
recdev1(36)     0.549777  4.23168e-07
recdev1(37)     0.186298  2.79634e-07
recdev1(38)      0.14251  1.59764e-07
recdev1(39)      1.38086   1.0158e-06
recdev1(40)     0.183727   2.5483e-07
recdev1(41)     -1.67687  5.33019e-08
recdev1(42)    -0.919119 -8.63894e-08
recdev1(43)     0.228916 -4.41706e-07
recdev1(44)     -1.30865  3.46335e-07
recdev1(45)     0.119465 -2.60068e-07
recdev1(46)     0.313243  7.48797e-08
recdev1(47)     -1.23154  2.37021e-07
recdev1(48)    -0.727796 -3.27972e-08
recdev1(49)     0.176212  5.37762e-07
recdev1(50)    -0.255451  3.15602e-07
recdev1(51)     0.215029   5.3345e-07
recdev1(52)    0.0490003  3.11934e-07
recdev1(53)    0.0228367  -5.4079e-07
recdev1(54)     0.419876 -8.30103e-07
recdev1(55)    -0.307513 -4.18424e-07
recdev1(56)     0.753091  2.63974e-07
recdev1(57)     0.699664   5.2045e-07
recdev1(58)    -0.257386 -3.31793e-08
recdev1(59)     0.245375  3.66511e-07
recdev1(60)      1.10733 -2.65712e-07
recdev1(61)      0.32014  1.16757e-07
recdev1(62)     0.129826  4.45913e-08
recdev1(63)    -0.241653 -9.89694e-08
recdev1(64)     0.506033  2.41549e-08
recdev1(65)       1.0396  2.40817e-07
recdev1(66)     0.876547  1.08733e-07
recdev1(67)       1.5918 -4.22101e-07
recdev1(68)    -0.613714  1.11271e-07
recdev1(69)     -1.42338  6.62717e-08
recdev1(70)     -1.33247   8.1631e-08
recdev1(71)    -0.384056 -3.35067e-08
recdev1(72)     0.201807  1.87643e-07
recdev1(73)    -0.411049  3.97371e-07
recdev1(74)    -0.377941  1.46888e-07
recdev1(75)    -0.380615  9.85203e-08
recdev1(76)    0.0419036  4.35019e-07
recdev1(77)     -1.00813   1.3851e-07
recdev1(78)    -0.606083 -9.73237e-08
recdev1(79)     0.760723  9.68748e-08
recdev1(80)     0.742706 -4.16256e-07
recdev1(81)    -0.352535 -2.17802e-07
recdev1(82)     0.221708 -8.94143e-08
recdev1(83)     -1.15754   2.0684e-07
recdev1(84)     0.584181 -1.69743e-08
recdev1(85)     0.517758 -2.89094e-07
recdev1(86)     0.168675  -3.0066e-07
recdev1(87)    -0.244145 -1.90799e-07
recdev1(88)    -0.707048 -1.99783e-07
recdev1(89)    -0.620961 -1.15482e-07
recdev1(90)    0.0252732  -3.8364e-07
recdev1(91)     0.320051 -5.38951e-07
recdev1(92)    -0.669484 -2.98285e-07
recdev1(93)     0.407387 -2.02098e-07
recdev1(94)      1.31196 -4.11733e-07
recdev1(95)      1.33958 -1.85447e-08
recdev1(96)     -1.06204 -6.75024e-09
Fcast_recruitments(97)   -0.0780195 -3.45354e-07
Fcast_recruitments(98)    -0.540045  1.82847e-06
Fcast_recruitments(99)     -1.29662 -6.85778e-07
Fcast_recruitments(100)     -1.01635 -2.65297e-08
Fcast_recruitments(101)            0            0
Fcast_recruitments(102)            0            0
Fcast_recruitments(103)            0            0
Fcast_recruitments(104)            0            0
Fcast_recruitments(105)            0            0
Fcast_recruitments(106)            0            0
Fcast_recruitments(107)            0            0
Fcast_recruitments(108)            0            0
Fcast_recruitments(109)            0            0
Fcast_recruitments(110)            0            0
selparm[1]       72.318 -2.29914e-06
selparm[3]      6.73225 -2.56189e-05
