#V3.30
#C data file created using the SS_writedat function in the R package r4ss
#C should work with SS version: 
#C file write time: 2020-04-24 17:31:52
#
1 #_styr
100 #_endyr
1 #_nseas
12 #_months_per_seas
2 #_Nsubseasons
1 #_spawn_month
1 #_Ngenders
30 #_Nages
1 #_N_areas
2 #_Nfleets
#_fleetinfo
#_type	surveytiming	area	units	need_catch_mult	fleetname
1	-1	1	1	0	Fishery	#_1
3	 1	1	2	0	Survey 	#_2
#_Catch data
#_year	season	fleet	catch	catch_se
 -999	1	1	   0.000	0.0	#_1         
    1	1	1	 177.391	0.1	#_2         
    2	1	1	 204.873	0.1	#_3         
    3	1	1	 228.294	0.1	#_4         
    4	1	1	 247.524	0.1	#_5         
    5	1	1	 262.651	0.1	#_6         
    6	1	1	 276.372	0.1	#_7         
    7	1	1	 292.575	0.1	#_8         
    8	1	1	 309.957	0.1	#_9         
    9	1	1	 323.265	0.1	#_10        
   10	1	1	 330.580	0.1	#_11        
   11	1	1	 334.152	0.1	#_12        
   12	1	1	 335.932	0.1	#_13        
   13	1	1	 335.841	0.1	#_14        
   14	1	1	 334.733	0.1	#_15        
   15	1	1	 335.328	0.1	#_16        
   16	1	1	 337.465	0.1	#_17        
   17	1	1	 337.954	0.1	#_18        
   18	1	1	 335.787	0.1	#_19        
   19	1	1	 334.164	0.1	#_20        
   20	1	1	 337.183	0.1	#_21        
   21	1	1	 345.518	0.1	#_22        
   22	1	1	 356.396	0.1	#_23        
   23	1	1	 366.291	0.1	#_24        
   24	1	1	 373.226	0.1	#_25        
   25	1	1	 376.900	0.1	#_26        
   26	1	1	 365.455	0.1	#_27        
   27	1	1	 822.594	0.1	#_28        
   28	1	1	1246.100	0.1	#_29        
   29	1	1	1689.430	0.1	#_30        
   30	1	1	2175.390	0.1	#_31        
   31	1	1	2627.190	0.1	#_32        
   32	1	1	2964.340	0.1	#_33        
   33	1	1	3246.340	0.1	#_34        
   34	1	1	3647.650	0.1	#_35        
   35	1	1	4200.630	0.1	#_36        
   36	1	1	4714.220	0.1	#_37        
   37	1	1	5011.410	0.1	#_38        
   38	1	1	5053.180	0.1	#_39        
   39	1	1	4875.360	0.1	#_40        
   40	1	1	4560.600	0.1	#_41        
   41	1	1	4279.050	0.1	#_42        
   42	1	1	4200.800	0.1	#_43        
   43	1	1	4269.730	0.1	#_44        
   44	1	1	4304.410	0.1	#_45        
   45	1	1	4281.340	0.1	#_46        
   46	1	1	4266.540	0.1	#_47        
   47	1	1	4209.180	0.1	#_48        
   48	1	1	4109.450	0.1	#_49        
   49	1	1	4098.140	0.1	#_50        
   50	1	1	4097.250	0.1	#_51        
   51	1	1	3885.670	0.1	#_52        
   52	1	1	3439.310	0.1	#_53        
   53	1	1	2914.250	0.1	#_54        
   54	1	1	2510.530	0.1	#_55        
   55	1	1	2396.050	0.1	#_56        
   56	1	1	2497.870	0.1	#_57        
   57	1	1	2671.420	0.1	#_58        
   58	1	1	2684.720	0.1	#_59        
   59	1	1	2504.070	0.1	#_60        
   60	1	1	2225.460	0.1	#_61        
   61	1	1	1980.660	0.1	#_62        
   62	1	1	1814.960	0.1	#_63        
   63	1	1	1851.090	0.1	#_64        
   64	1	1	2059.450	0.1	#_65        
   65	1	1	2247.600	0.1	#_66        
   66	1	1	2235.720	0.1	#_67        
   67	1	1	2039.610	0.1	#_68        
   68	1	1	1765.500	0.1	#_69        
   69	1	1	1505.010	0.1	#_70        
   70	1	1	1325.780	0.1	#_71        
   71	1	1	1250.610	0.1	#_72        
   72	1	1	1231.240	0.1	#_73        
   73	1	1	1194.110	0.1	#_74        
   74	1	1	1121.740	0.1	#_75        
   75	1	1	1072.050	0.1	#_76        
   76	1	1	1086.180	0.1	#_77        
   77	1	1	1120.870	0.1	#_78        
   78	1	1	1158.080	0.1	#_79        
   79	1	1	1218.860	0.1	#_80        
   80	1	1	1251.310	0.1	#_81        
   81	1	1	1352.310	0.1	#_82        
   82	1	1	1378.010	0.1	#_83        
   83	1	1	1374.310	0.1	#_84        
   84	1	1	1364.550	0.1	#_85        
   85	1	1	1345.850	0.1	#_86        
   86	1	1	1330.370	0.1	#_87        
   87	1	1	1366.900	0.1	#_88        
   88	1	1	1493.750	0.1	#_89        
   89	1	1	1679.480	0.1	#_90        
   90	1	1	1867.590	0.1	#_91        
   91	1	1	2015.810	0.1	#_92        
   92	1	1	2084.250	0.1	#_93        
   93	1	1	2055.410	0.1	#_94        
   94	1	1	1957.610	0.1	#_95        
   95	1	1	1847.880	0.1	#_96        
   96	1	1	1808.350	0.1	#_97        
   97	1	1	1958.000	0.1	#_98        
   98	1	1	2355.000	0.1	#_99        
   99	1	1	2856.180	0.1	#_100       
  100	1	1	3212.450	0.1	#_101       
-9999	0	0	   0.000	0.0	#_terminator
#_CPUE_and_surveyabundance_observations
#_Units:  0=numbers; 1=biomass; 2=F; >=30 for special types
#_Errtype:  -1=normal; 0=lognormal; >0=T
#_SD_Report: 0=no sdreport; 1=enable sdreport
#_Fleet	Units	Errtype	SD_Report
1	1	0	0	#_Fishery
2	1	0	0	#_Survey 
#
#_CPUE_data
#_year	seas	index	obs	se_log
    1	7	1	117660.72	0.1	#_1         
    2	7	1	107269.07	0.1	#_2         
    3	7	1	133718.02	0.1	#_3         
    4	7	1	 99953.42	0.1	#_4         
    5	7	1	 96100.45	0.1	#_5         
    6	7	1	 99175.52	0.1	#_6         
    7	7	1	 88340.06	0.1	#_7         
    8	7	1	114216.85	0.1	#_8         
    9	7	1	 94373.06	0.1	#_9         
   10	7	1	 78095.91	0.1	#_10        
   11	7	1	 81749.85	0.1	#_11        
   12	7	1	 79202.99	0.1	#_12        
   13	7	1	 78388.61	0.1	#_13        
   14	7	1	 57505.38	0.1	#_14        
   15	7	1	 66699.65	0.1	#_15        
   16	7	1	 68139.51	0.1	#_16        
   17	7	1	 58015.52	0.1	#_17        
   18	7	1	 52635.92	0.1	#_18        
   19	7	1	 48620.65	0.1	#_19        
   20	7	1	 52944.27	0.1	#_20        
   21	7	1	 47995.91	0.1	#_21        
   22	7	1	 57337.14	0.1	#_22        
   23	7	1	 41906.15	0.1	#_23        
   24	7	1	 36849.46	0.1	#_24        
   25	7	1	 48800.96	0.1	#_25        
   26	7	1	 45535.93	0.1	#_26        
   27	7	1	 48359.08	0.1	#_27        
   28	7	1	 48046.79	0.1	#_28        
   29	7	1	 38774.01	0.1	#_29        
   30	7	1	 40683.10	0.1	#_30        
   31	7	1	 36141.90	0.1	#_31        
   32	7	1	 40155.39	0.1	#_32        
   33	7	1	 38315.69	0.1	#_33        
   34	7	1	 42915.39	0.1	#_34        
   35	7	1	 48338.96	0.1	#_35        
   36	7	1	 39404.90	0.1	#_36        
   37	7	1	 36929.00	0.1	#_37        
   38	7	1	 38114.70	0.1	#_38        
   39	7	1	 35189.20	0.1	#_39        
   40	7	1	 29895.54	0.1	#_40        
   41	7	1	 28617.63	0.1	#_41        
   42	7	1	 23280.81	0.1	#_42        
   43	7	1	 20954.68	0.1	#_43        
   44	7	1	 24730.98	0.1	#_44        
   45	7	1	 19612.49	0.1	#_45        
   46	7	1	 19453.29	0.1	#_46        
   47	7	1	 17858.46	0.1	#_47        
   48	7	1	 17491.74	0.1	#_48        
   49	7	1	 13886.46	0.1	#_49        
   50	7	1	 16296.06	0.1	#_50        
   51	7	1	 16851.11	0.1	#_51        
   52	7	1	 12136.35	0.1	#_52        
   53	7	1	  9193.06	0.1	#_53        
   54	7	1	  6466.78	0.1	#_54        
   55	7	1	  8085.97	0.1	#_55        
   56	7	1	  9480.95	0.1	#_56        
   57	7	1	  6598.05	0.1	#_57        
   58	7	1	  6984.52	0.1	#_58        
   59	7	1	  7184.53	0.1	#_59        
   60	7	1	  7761.16	0.1	#_60        
   61	7	1	  5829.58	0.1	#_61        
   62	7	1	  4926.04	0.1	#_62        
   63	7	1	  6265.59	0.1	#_63        
   64	7	1	  7264.23	0.1	#_64        
   65	7	1	  7577.42	0.1	#_65        
   66	7	1	  8432.26	0.1	#_66        
   67	7	1	  7230.64	0.1	#_67        
   68	7	1	  7233.01	0.1	#_68        
   69	7	1	  6608.71	0.1	#_69        
   70	7	1	  6309.30	0.1	#_70        
   71	7	1	  6209.86	0.1	#_71        
   72	7	1	  6600.88	0.1	#_72        
   73	7	1	  6691.45	0.1	#_73        
   74	7	1	  6351.87	0.1	#_74        
   75	7	1	  6930.60	0.1	#_75        
   76	7	1	  7889.25	0.1	#_76        
   77	7	1	  8971.41	0.1	#_77        
   78	7	1	  9178.56	0.1	#_78        
   79	7	1	 10143.17	0.1	#_79        
   80	7	1	 13420.75	0.1	#_80        
   81	7	1	 14185.14	0.1	#_81        
   82	7	1	 13362.45	0.1	#_82        
   83	7	1	 12872.78	0.1	#_83        
   84	7	1	 13789.63	0.1	#_84        
   85	7	1	 13373.29	0.1	#_85        
   86	7	1	 14565.31	0.1	#_86        
   87	7	1	 14093.83	0.1	#_87        
   88	7	1	 14636.83	0.1	#_88        
   89	7	1	 16565.01	0.1	#_89        
   90	7	1	 18597.69	0.1	#_90        
   91	7	1	 20186.34	0.1	#_91        
   92	7	1	 22472.75	0.1	#_92        
   93	7	1	 22595.74	0.1	#_93        
   94	7	1	 19874.74	0.1	#_94        
   95	7	1	 19227.75	0.1	#_95        
   96	7	1	 17813.17	0.1	#_96        
   97	7	1	 18793.39	0.1	#_97        
   98	7	1	 25185.23	0.1	#_98        
   99	7	1	 27074.34	0.1	#_99        
  100	7	1	 39227.19	0.1	#_100       
-9999	0	0	     0.00	0.0	#_terminator
0 #_N_discard_fleets
#_discard_units (1=same_as_catchunits(bio/num); 2=fraction; 3=numbers)
#_discard_errtype:  >0 for DF of T-dist(read CV below); 0 for normal with CV; -1 for normal with se; -2 for lognormal
#
#_discard_fleet_info
#
#_discard_data
#
#_meanbodywt
0 #_use_meanbodywt
 #_DF_for_meanbodywt_T-distribution_like
#
#_population_length_bins
2 # length bin method: 1=use databins; 2=generate from binwidth,min,max below; 3=read vector
1 # binwidth for population size comp
10 # minimum size in the population (lower edge of first bin and size at age 0.00)
72 # maximum size in the population (lower edge of last bin)
1 #_use_lencomp
#
#_len_info
#_mintailcomp	addtocomp	combine_M_F	CompressBins	CompError	ParmSelect	minsamplesize
-1	1e-10	0	0	0	0	1	#_Fishery
-1	1e-10	0	0	0	0	1	#_Survey 
32 #_N_lbins
#_lbin_vector
10 12 14 16 18 20 22 24 26 28 30 32 34 36 38 40 42 44 46 48 50 52 54 56 58 60 62 64 66 68 70 72 #_lbin_vector
#
#_lencomp
#_Yr	Seas	FltSvy	Gender	Part	Nsamp	l10	l12	l14	l16	l18	l20	l22	l24	l26	l28	l30	l32	l34	l36	l38	l40	l42	l44	l46	l48	l50	l52	l54	l56	l58	l60	l62	l64	l66	l68	l70	l72
    1	1	1	0	0	1000	0.001538220	0.00408866	0.00240844	0.00934974	0.02849890	0.0398409	0.0568238	0.0972253	0.1242860	0.150384	0.225829	0.360225	0.551352	0.806992	1.096830	1.303670	1.303390	1.119170	0.850486	0.602458	0.422259	0.3006310	0.2126060	0.1434510	0.0896012	0.05094670	0.02612610	0.012009200	0.004924550	1.79461e-03	5.79454e-04	2.18477e-04	#_1         
    2	1	1	0	0	1000	0.001499150	0.00397356	0.00205912	0.00668358	0.02068390	0.0316254	0.0541972	0.1044890	0.1540410	0.201526	0.256758	0.321739	0.434148	0.623088	0.866000	1.094520	1.217470	1.197390	1.037990	0.801688	0.568293	0.3837560	0.2527460	0.1616470	0.0980422	0.05499800	0.02803840	0.012855600	0.005267980	1.92127e-03	6.21682e-04	2.35515e-04	#_2         
    3	1	1	0	0	1000	0.001486900	0.00394067	0.00203015	0.00650394	0.01978770	0.0278182	0.0417196	0.0817239	0.1352460	0.206180	0.292661	0.371439	0.448268	0.554685	0.714806	0.909081	1.069130	1.144310	1.096070	0.932873	0.710103	0.4920670	0.3175040	0.1939760	0.1124190	0.06106870	0.03056500	0.013885100	0.005666060	2.06334e-03	6.67731e-04	2.53500e-04	#_3         
    4	1	1	0	0	1000	0.009011540	0.02373310	0.00845316	0.00667752	0.01963420	0.0273801	0.0398485	0.0744701	0.1155200	0.172057	0.260711	0.367260	0.473696	0.573659	0.680055	0.807980	0.940528	1.046680	1.071520	0.985189	0.807509	0.5921730	0.3927710	0.2389140	0.1347700	0.07074110	0.03436950	0.015294600	0.006164930	2.23049e-03	7.19726e-04	2.73105e-04	#_4         
    5	1	1	0	0	1000	0.000964046	0.00271127	0.00532620	0.03801570	0.11162400	0.1210500	0.0725784	0.0763331	0.1094730	0.155883	0.227652	0.320493	0.431817	0.551784	0.664881	0.767515	0.862334	0.953608	1.003920	0.970885	0.844724	0.6560620	0.4553100	0.2841630	0.1608590	0.08320660	0.03946100	0.017127700	0.006764420	2.41274e-03	7.71703e-04	2.91269e-04	#_5         
    6	1	1	0	0	1000	0.000740811	0.00196698	0.00111311	0.00438839	0.01787510	0.0582004	0.1759900	0.3321900	0.3565030	0.269728	0.237910	0.286177	0.374145	0.482620	0.597042	0.701720	0.787121	0.863542	0.913483	0.905132	0.819100	0.6662160	0.4835690	0.3130430	0.1813550	0.09451370	0.04452950	0.019022000	0.007367260	2.57973e-03	8.12977e-04	3.03072e-04	#_6         
    7	1	1	0	0	1000	0.001841880	0.00485852	0.00192588	0.00305929	0.00939927	0.0153350	0.0359421	0.1129960	0.2854710	0.517237	0.642546	0.578811	0.471869	0.457298	0.524081	0.615838	0.699053	0.773191	0.823643	0.827092	0.766277	0.6436130	0.4844800	0.3249670	0.1939720	0.10319600	0.04908450	0.020941400	0.008032950	2.77258e-03	8.60175e-04	3.15066e-04	#_7         
    8	1	1	0	0	1000	0.002347440	0.00620931	0.00289585	0.00759540	0.02235610	0.0261575	0.0237892	0.0422067	0.0940392	0.222594	0.460326	0.724186	0.849419	0.786432	0.666787	0.617594	0.643321	0.704109	0.756500	0.769666	0.725568	0.6234190	0.4822620	0.3331760	0.2046680	0.11162800	0.05408710	0.023322100	0.008968630	3.08156e-03	9.46994e-04	3.41465e-04	#_8         
    9	1	1	0	0	1000	0.002743850	0.00726295	0.00351542	0.01001360	0.03000980	0.0388511	0.0463713	0.0740818	0.0936280	0.119911	0.216197	0.419118	0.692799	0.910201	0.956042	0.859665	0.749711	0.713804	0.728343	0.737960	0.704084	0.6157970	0.4865650	0.3441790	0.2167020	0.12104800	0.05990770	0.026270100	0.010216700	3.52883e-03	1.08398e-03	3.87928e-04	#_9         
   10	1	1	0	0	1000	0.001436440	0.00383242	0.00261574	0.01182780	0.03576910	0.0476330	0.0617284	0.1054850	0.1415800	0.166682	0.207302	0.283794	0.439046	0.674621	0.895136	0.986013	0.935410	0.845723	0.782367	0.744727	0.697552	0.6133630	0.4919290	0.3545390	0.2278090	0.12991800	0.06559340	0.029283400	0.011557400	4.03431e-03	1.24656e-03	4.46076e-04	#_10        
   11	1	1	0	0	1000	0.000944826	0.00251351	0.00153517	0.00626470	0.01985970	0.0335019	0.0654139	0.1270540	0.1792390	0.223726	0.277473	0.327305	0.393371	0.516647	0.697572	0.870204	0.952020	0.942304	0.878923	0.800540	0.717269	0.6176210	0.4950360	0.3605510	0.2352860	0.13653900	0.07017820	0.031877700	0.012783300	4.52398e-03	1.41313e-03	5.09951e-04	#_11        
   12	1	1	0	0	1000	0.006461040	0.01701350	0.00599629	0.00425906	0.01276940	0.0202642	0.0380913	0.0829480	0.1491710	0.239625	0.337281	0.409359	0.462442	0.524168	0.617942	0.742346	0.854937	0.921484	0.919614	0.857708	0.758690	0.6380690	0.5036260	0.3658010	0.2403180	0.14114500	0.07360250	0.033947100	0.013819800	4.96049e-03	1.56921e-03	5.73606e-04	#_12        
   13	1	1	0	0	1000	0.001885410	0.00508534	0.00484409	0.02732980	0.08007590	0.0863393	0.0504792	0.0552731	0.0943746	0.165597	0.276473	0.405090	0.517893	0.594960	0.649928	0.710761	0.782754	0.856463	0.894863	0.871864	0.788629	0.6636500	0.5187520	0.3735580	0.2448740	0.14444900	0.07600760	0.035467900	0.014625500	5.31861e-03	1.70378e-03	6.31914e-04	#_13        
   14	1	1	0	0	1000	0.001298530	0.00345195	0.00204774	0.00817838	0.02749440	0.0572896	0.1339450	0.2432430	0.2606350	0.204480	0.209221	0.301576	0.438404	0.573069	0.670581	0.726681	0.762695	0.807168	0.844147	0.841811	0.781814	0.6692000	0.5257760	0.3777630	0.2467550	0.14544200	0.07677590	0.036069500	0.015011500	5.51732e-03	1.78731e-03	6.72414e-04	#_14        
   15	1	1	0	0	1000	0.002203450	0.00582048	0.00251509	0.00546404	0.01688950	0.0267307	0.0523418	0.1264510	0.2535740	0.407746	0.492723	0.461717	0.427861	0.484201	0.594943	0.690095	0.743123	0.778631	0.802299	0.799298	0.751239	0.6532270	0.5194920	0.3754980	0.2456010	0.14471200	0.07643320	0.036009500	0.015066100	5.57833e-03	1.82307e-03	6.94614e-04	#_15        
   16	1	1	0	0	1000	0.002349270	0.00622141	0.00308449	0.00919221	0.02734710	0.0339336	0.0376217	0.0691125	0.1293990	0.244098	0.426547	0.608799	0.693153	0.669348	0.631808	0.648246	0.696239	0.745443	0.774388	0.771234	0.726384	0.6363290	0.5110720	0.3726210	0.2450960	0.14482400	0.07660110	0.036142900	0.015162000	5.63780e-03	1.85332e-03	7.13025e-04	#_16        
   17	1	1	0	0	1000	0.007008910	0.01848140	0.00715433	0.01011180	0.03015840	0.0407621	0.0544195	0.0930167	0.1255250	0.165787	0.265185	0.435595	0.637900	0.787185	0.822708	0.777815	0.732281	0.732560	0.752225	0.752958	0.712894	0.6275790	0.5071480	0.3723570	0.2465160	0.14639100	0.07769200	0.036743600	0.015446900	5.75902e-03	1.90007e-03	7.35928e-04	#_17        
   18	1	1	0	0	1000	0.003226940	0.00862294	0.00621938	0.02935000	0.08665450	0.0993177	0.0797159	0.1091100	0.1520950	0.195149	0.255896	0.340610	0.474413	0.651966	0.804392	0.863558	0.834236	0.789585	0.762257	0.740472	0.696935	0.6154220	0.4998870	0.3690760	0.2457160	0.14667400	0.07817970	0.037099000	0.015637500	5.84364e-03	1.93279e-03	7.51801e-04	#_18        
   19	1	1	0	0	1000	0.005590790	0.01476630	0.00633494	0.01354040	0.04294240	0.0745708	0.1472840	0.2665220	0.3100170	0.286219	0.299601	0.353296	0.429231	0.535997	0.666351	0.777539	0.823847	0.817485	0.782571	0.735475	0.674367	0.5890520	0.4780970	0.3542110	0.2369280	0.14210800	0.07608550	0.036248100	0.015330200	5.74525e-03	1.90518e-03	7.43702e-04	#_19        
   20	1	1	0	0	1000	0.002022900	0.00542257	0.00433732	0.02214910	0.06617360	0.0819641	0.0912614	0.1694330	0.2983750	0.450128	0.553167	0.549002	0.511897	0.523770	0.585238	0.664200	0.726204	0.759939	0.755549	0.715414	0.647439	0.5564350	0.4472100	0.3303980	0.2213290	0.13319900	0.07159220	0.034236000	0.014528800	5.46122e-03	1.81572e-03	7.10942e-04	#_20        
   21	1	1	0	0	1000	0.003503330	0.00925164	0.00393604	0.00822674	0.02656520	0.0496895	0.1077590	0.2079060	0.2808630	0.355420	0.501995	0.665340	0.745910	0.721330	0.661952	0.637431	0.650596	0.680036	0.693616	0.672567	0.614327	0.5260580	0.4192350	0.3076240	0.2054600	0.12368600	0.06662930	0.031962200	0.013609000	5.13197e-03	1.71134e-03	6.72441e-04	#_21        
   22	1	1	0	0	1000	0.002261480	0.00601251	0.00357487	0.01397330	0.04163350	0.0514225	0.0575660	0.1119720	0.2141600	0.358888	0.510430	0.634698	0.749337	0.833662	0.834454	0.763559	0.686928	0.653905	0.646159	0.628824	0.581133	0.5010230	0.3992210	0.2917700	0.1940470	0.11652300	0.06274490	0.030134600	0.012858000	4.86089e-03	1.62508e-03	6.40532e-04	#_22        
   23	1	1	0	0	1000	0.003207490	0.00847905	0.00382530	0.00935175	0.02886120	0.0441316	0.0743059	0.1360120	0.1856870	0.247662	0.383652	0.573195	0.749450	0.865393	0.908429	0.878713	0.795575	0.714579	0.657099	0.612897	0.559513	0.4830870	0.3861450	0.2823770	0.1874750	0.11230600	0.06036790	0.028977100	0.012371900	4.68409e-03	1.56910e-03	6.20275e-04	#_23        
   24	1	1	0	0	1000	0.001498090	0.00400125	0.00283947	0.01326170	0.03980590	0.0508183	0.0606383	0.1093350	0.1768290	0.260806	0.362750	0.477978	0.629520	0.800552	0.921683	0.946695	0.887678	0.801944	0.716466	0.638601	0.562257	0.4768070	0.3791400	0.2771960	0.1841020	0.11025100	0.05922450	0.028419500	0.012140000	4.60313e-03	1.54564e-03	6.13614e-04	#_24        
   25	1	1	0	0	1000	0.001118610	0.00297107	0.00169568	0.00638086	0.02033550	0.0351378	0.0702102	0.1349370	0.1863360	0.238420	0.332932	0.456280	0.588382	0.724512	0.851534	0.931453	0.931106	0.875147	0.788735	0.690999	0.590530	0.4872280	0.3806430	0.2759130	0.1826210	0.10919100	0.05857280	0.028060900	0.011966200	4.53018e-03	1.51928e-03	6.02500e-04	#_25        
   26	1	1	0	0	1000	0.016499500	0.04342140	0.01464900	0.00519974	0.01466980	0.0222278	0.0390810	0.0846985	0.1544190	0.250104	0.355669	0.450783	0.555712	0.680456	0.801182	0.887925	0.918822	0.903081	0.842308	0.746821	0.632560	0.5115970	0.3915500	0.2794900	0.1832790	0.10905200	0.05835240	0.027911600	0.011886800	4.49446e-03	1.50556e-03	5.96370e-04	#_26        
   27	1	1	0	0	1000	0.005543700	0.01489330	0.01272280	0.06748540	0.19686900	0.2059870	0.0951635	0.0643638	0.0974566	0.165799	0.276853	0.412021	0.542744	0.654354	0.750286	0.827505	0.868670	0.876684	0.843228	0.766285	0.655964	0.5283940	0.3991540	0.2806180	0.1816730	0.10713400	0.05701130	0.027183200	0.011554500	4.36303e-03	1.45998e-03	5.77656e-04	#_27        
   28	1	1	0	0	1000	0.001213140	0.00328971	0.00358320	0.02202610	0.07266800	0.1405580	0.3066330	0.5414910	0.5450730	0.342159	0.235218	0.285705	0.409346	0.545491	0.657954	0.731382	0.766841	0.781198	0.766285	0.712043	0.620255	0.5036500	0.3797590	0.2646810	0.1694430	0.09887570	0.05218390	0.024738000	0.010475200	3.94577e-03	1.31813e-03	5.20700e-04	#_28        
   29	1	1	0	0	1000	0.001871240	0.00494288	0.00213710	0.00476037	0.01649330	0.0395383	0.1141110	0.2824590	0.5353600	0.813918	0.918119	0.740163	0.510980	0.444426	0.506442	0.588895	0.638658	0.661185	0.656619	0.619410	0.548204	0.4506700	0.3418250	0.2380450	0.1515060	0.08768320	0.04588900	0.021597300	0.009094880	3.41243e-03	1.13695e-03	4.48187e-04	#_29        
   30	1	1	0	0	1000	0.001138370	0.00302745	0.00182296	0.00723548	0.02162070	0.0273712	0.0351462	0.0853861	0.2135180	0.463834	0.808263	1.089880	1.130550	0.926729	0.680662	0.557001	0.541643	0.562729	0.570432	0.547249	0.491198	0.4087230	0.3127760	0.2187690	0.1391940	0.08023490	0.04173350	0.019508900	0.008163730	3.04693e-03	1.01104e-03	3.97105e-04	#_30        
   31	1	1	0	0	1000	0.017613900	0.04635260	0.01560130	0.00524049	0.01477830	0.0227908	0.0391386	0.0741582	0.1139880	0.197559	0.401147	0.733172	1.079460	1.251770	1.157970	0.904838	0.677623	0.567226	0.531106	0.506326	0.460047	0.3877330	0.2997300	0.2110950	0.1347710	0.07768610	0.04029570	0.018750000	0.007803510	2.89662e-03	9.56430e-04	3.73733e-04	#_31        
   32	1	1	0	0	1000	0.009109780	0.02430110	0.01647850	0.07356480	0.21429900	0.2238600	0.1019510	0.0658169	0.0950503	0.149900	0.243254	0.406950	0.673860	0.986816	1.187650	1.161020	0.958200	0.740911	0.590645	0.503074	0.438702	0.3684340	0.2869390	0.2037050	0.1307980	0.07562000	0.03923830	0.018225000	0.007559450	2.79407e-03	9.18367e-04	3.56858e-04	#_32        
   33	1	1	0	0	1000	0.002517730	0.00678656	0.00637377	0.03623590	0.11480700	0.1899970	0.3491230	0.5949130	0.5946440	0.365043	0.233801	0.270652	0.405817	0.608780	0.831422	0.973092	0.958967	0.831798	0.667719	0.524985	0.418207	0.3330020	0.2546350	0.1806100	0.1164780	0.06763550	0.03518920	0.016356100	0.006777380	2.49911e-03	8.18754e-04	3.16599e-04	#_33        
   34	1	1	0	0	1000	0.004386610	0.01158100	0.00484723	0.00966548	0.03223960	0.0685354	0.1750450	0.3929880	0.6585170	0.909920	0.983568	0.772971	0.513188	0.438165	0.525329	0.652010	0.723296	0.713264	0.630944	0.512930	0.396451	0.2981690	0.2175970	0.1506040	0.0963614	0.05596370	0.02919310	0.013602300	0.005643920	2.08141e-03	6.81284e-04	2.62822e-04	#_34        
   35	1	1	0	0	1000	0.001920000	0.00512608	0.00358585	0.01652040	0.04920900	0.0603229	0.0676940	0.1431090	0.3153720	0.612051	0.968927	1.205210	1.178930	0.928121	0.662638	0.540663	0.534575	0.552499	0.532778	0.466189	0.373454	0.2790700	0.1972450	0.1318750	0.0823711	0.04726100	0.02455150	0.011435700	0.004748310	1.75173e-03	5.73056e-04	2.20554e-04	#_35        
   36	1	1	0	0	1000	0.001861590	0.00493244	0.00251178	0.00795316	0.02521800	0.0429140	0.0837498	0.1585910	0.2205020	0.316288	0.548996	0.901526	1.220550	1.321390	1.155760	0.863842	0.626379	0.512199	0.464617	0.419156	0.352038	0.2710070	0.1921700	0.1263670	0.0770945	0.04334450	0.02222220	0.010281800	0.004258520	1.57027e-03	5.13725e-04	1.97618e-04	#_36        
   37	1	1	0	0	1000	0.001581320	0.00419655	0.00230435	0.00814844	0.02476050	0.0344810	0.0516183	0.1058290	0.1884450	0.302298	0.444637	0.625420	0.885261	1.166320	1.301810	1.196520	0.934875	0.686828	0.520638	0.420045	0.343990	0.2688770	0.1941550	0.1283680	0.0776915	0.04301830	0.02170880	0.009920750	0.004076760	1.49708e-03	4.88958e-04	1.88000e-04	#_37        
   38	1	1	0	0	1000	0.002103080	0.00556498	0.00264761	0.00730545	0.02233410	0.0324212	0.0508932	0.0967975	0.1502720	0.228865	0.363183	0.540522	0.742990	0.960480	1.152640	1.228040	1.127160	0.918815	0.693457	0.510870	0.380145	0.2824310	0.2015870	0.1337820	0.0811807	0.04476350	0.02236970	0.010102600	0.004107030	1.49599e-03	4.86046e-04	1.86275e-04	#_38        
   39	1	1	0	0	1000	0.014713400	0.03874670	0.01372830	0.01026000	0.02978720	0.0392598	0.0504916	0.0913620	0.1426180	0.210107	0.311426	0.446056	0.621370	0.825905	1.016690	1.137110	1.139160	1.034430	0.852373	0.646793	0.465272	0.3250130	0.2207080	0.1428260	0.0859548	0.04727310	0.02353610	0.010558200	0.004254930	1.53606e-03	4.95229e-04	1.88486e-04	#_39        
   40	1	1	0	0	1000	0.004245510	0.01147570	0.01154180	0.06689290	0.19607700	0.2116180	0.1223600	0.1189020	0.1570350	0.204276	0.283837	0.390475	0.523010	0.682918	0.851617	0.986461	1.040590	1.011040	0.898940	0.728474	0.541999	0.3759900	0.2466920	0.1536050	0.0899087	0.04869850	0.02406040	0.010736900	0.004302300	1.54258e-03	4.93661e-04	1.86232e-04	#_40        
   41	1	1	0	0	1000	0.005008260	0.01325570	0.00640032	0.01859020	0.06288880	0.1349960	0.3230040	0.5873520	0.6192600	0.441463	0.341645	0.362546	0.437041	0.541290	0.660121	0.768325	0.834420	0.849592	0.799841	0.687760	0.538213	0.3847840	0.2534400	0.1550460	0.0883503	0.04668620	0.02266260	0.010001300	0.003978480	1.41808e-03	4.51164e-04	1.68844e-04	#_41        
   42	1	1	0	0	1000	0.005316250	0.01407410	0.00686513	0.01987730	0.05993590	0.0814371	0.1209650	0.2747290	0.5532440	0.887217	1.041720	0.880737	0.629176	0.511032	0.519003	0.572078	0.619164	0.645354	0.632087	0.569986	0.467909	0.3483180	0.2354860	0.1452430	0.0821100	0.04263350	0.02029090	0.008804450	0.003458930	1.22221e-03	3.86379e-04	1.43620e-04	#_42        
   43	1	1	0	0	1000	0.011495200	0.03033380	0.01231900	0.02154560	0.06440990	0.0860629	0.1134640	0.2035440	0.3173470	0.504827	0.825377	1.139180	1.219410	1.020340	0.738043	0.560118	0.500685	0.497234	0.492026	0.457840	0.390742	0.3023970	0.2113040	0.1333140	0.0761138	0.03943010	0.01856080	0.007933090	0.003069640	1.07064e-03	3.35007e-04	1.23301e-04	#_43        
   44	1	1	0	0	1000	0.002899470	0.00784365	0.00804708	0.04718570	0.14013600	0.1654580	0.1499430	0.2209820	0.3087660	0.407102	0.575465	0.810493	1.062830	1.202790	1.116190	0.863843	0.616166	0.475463	0.413989	0.374980	0.325281	0.2593300	0.1869780	0.1212310	0.0706017	0.03696380	0.01742370	0.007401980	0.002833650	9.76103e-04	3.01778e-04	1.09643e-04	#_44        
   45	1	1	0	0	1000	0.002026440	0.00538548	0.00315754	0.01246940	0.04250450	0.0927917	0.2278530	0.4340090	0.5240330	0.517120	0.569590	0.683478	0.830491	0.982717	1.058450	0.985169	0.788852	0.582990	0.432242	0.339414	0.276121	0.2185010	0.1602580	0.1064050	0.0633730	0.03376360	0.01608820	0.006860940	0.002620460	8.96525e-04	2.74582e-04	9.84703e-05	#_45        
   46	1	1	0	0	1000	0.017596200	0.04632310	0.01602640	0.00899253	0.02646890	0.0414167	0.0804106	0.1980080	0.4117170	0.695177	0.901302	0.924333	0.878193	0.879696	0.907892	0.891967	0.793403	0.644431	0.487081	0.356161	0.261463	0.1927250	0.1377010	0.0916743	0.0554227	0.03004690	0.01453510	0.006265000	0.002405990	8.23573e-04	2.51333e-04	8.93343e-05	#_46        
   47	1	1	0	0	1000	0.003379060	0.00922797	0.01160510	0.07361710	0.21544700	0.2291470	0.1212640	0.1133540	0.1940440	0.363583	0.646768	0.953232	1.126130	1.103710	0.978561	0.853401	0.740486	0.627184	0.501794	0.376272	0.268572	0.1860620	0.1254820	0.0808767	0.0484908	0.02645000	0.01294860	0.005650850	0.002192190	7.55355e-04	2.31162e-04	8.20139e-05	#_47        
   48	1	1	0	0	1000	0.002734920	0.00725798	0.00399823	0.01468950	0.05235950	0.1292200	0.3395300	0.6228680	0.6478180	0.458937	0.408612	0.570772	0.823691	1.020720	1.053980	0.933031	0.754284	0.601095	0.475557	0.363393	0.262973	0.1798570	0.1169280	0.0722840	0.0420440	0.02261330	0.01105810	0.004856090	0.001900810	6.60626e-04	2.03516e-04	7.24960e-05	#_48        
   49	1	1	0	0	1000	0.001807280	0.00480465	0.00285163	0.01118960	0.03446880	0.0521533	0.0988835	0.2557900	0.5578380	0.932996	1.110230	0.960511	0.761251	0.743252	0.822702	0.837730	0.742647	0.601208	0.462371	0.344107	0.246897	0.1684980	0.1083450	0.0653966	0.0369284	0.01936270	0.00932056	0.004069350	0.001595200	5.57465e-04	1.72913e-04	6.20657e-05	#_49        
   50	1	1	0	0	1000	0.001843810	0.00488548	0.00249027	0.00785949	0.02431610	0.0372671	0.0652451	0.1358130	0.2489470	0.471793	0.848261	1.224980	1.351810	1.180100	0.925287	0.762305	0.667375	0.575880	0.464623	0.349248	0.247591	0.1664740	0.1057340	0.0629442	0.0348803	0.01788690	0.00843231	0.003625040	0.001408920	4.91194e-04	1.52657e-04	5.51126e-05	#_50        
   51	1	1	0	0	1000	0.003784010	0.00999301	0.00425206	0.00877198	0.02644650	0.0365259	0.0527482	0.1022710	0.1731250	0.289866	0.498337	0.811680	1.170560	1.399510	1.352250	1.092680	0.808992	0.613782	0.480963	0.368909	0.266615	0.1797450	0.1131330	0.0664431	0.0362608	0.01828070	0.00846199	0.003574750	0.001369570	4.72843e-04	1.46232e-04	5.27854e-05	#_51        
   52	1	1	0	0	1000	0.011918200	0.03143570	0.01239840	0.01910840	0.05609360	0.0682918	0.0693788	0.1108000	0.1638630	0.235817	0.364437	0.562352	0.834658	1.133280	1.330060	1.307590	1.086310	0.815988	0.588708	0.421910	0.297885	0.2011690	0.1270660	0.0743510	0.0401625	0.01996830	0.00910046	0.003783260	0.001427370	4.86263e-04	1.48845e-04	5.33287e-05	#_52        
   53	1	1	0	0	1000	0.020432200	0.05401010	0.02427530	0.05823440	0.17095900	0.1974560	0.1619120	0.2135110	0.2609620	0.281601	0.343098	0.453180	0.615368	0.828598	1.039790	1.153840	1.104930	0.935032	0.713775	0.505624	0.341748	0.2225860	0.1382560	0.0804610	0.0432795	0.02135390	0.00962305	0.003947130	0.001468220	4.93330e-04	1.49141e-04	5.27755e-05	#_53        
   54	1	1	0	0	1000	0.014558500	0.03869090	0.02262430	0.08673330	0.25942900	0.3259400	0.3568630	0.5384750	0.6117390	0.537335	0.496190	0.494088	0.517146	0.591112	0.702608	0.800818	0.829287	0.777161	0.654196	0.495887	0.343339	0.2210330	0.1338480	0.0762321	0.0404686	0.01980350	0.00885584	0.003598450	0.001323540	4.39270e-04	1.31158e-04	4.57412e-05	#_54        
   55	1	1	0	0	1000	0.005166030	0.01383040	0.01063370	0.05318010	0.16465200	0.2470590	0.4029990	0.7231910	0.9185880	0.952380	0.944767	0.831913	0.660140	0.544060	0.502036	0.503664	0.510908	0.500002	0.452431	0.370221	0.272751	0.1819830	0.1111050	0.0626231	0.0326924	0.01575940	0.00696774	0.002805410	0.001022700	3.36151e-04	9.93155e-05	3.41554e-05	#_55        
   56	1	1	0	0	1000	0.006139230	0.01623230	0.00740617	0.01876430	0.06027020	0.1099490	0.2391450	0.4983780	0.7775710	1.059990	1.281860	1.276890	1.077780	0.818670	0.587751	0.434196	0.355484	0.320050	0.290732	0.248875	0.194193	0.1365370	0.0864964	0.0496213	0.0259304	0.01238740	0.00540944	0.002152510	0.000776802	2.53047e-04	7.41155e-05	2.51977e-05	#_56        
   57	1	1	0	0	1000	0.003278000	0.00873085	0.00558742	0.02371880	0.07121030	0.0917554	0.1155570	0.2320510	0.4418000	0.760351	1.127260	1.384180	1.430070	1.251030	0.935107	0.623966	0.404028	0.284141	0.222635	0.182358	0.144460	0.1055510	0.0697013	0.0413610	0.0220755	0.01063120	0.00463272	0.001828720	0.000653254	2.10637e-04	6.11081e-05	2.05374e-05	#_57        
   58	1	1	0	0	1000	0.003601820	0.00953849	0.00473369	0.01426420	0.04453860	0.0711000	0.1282690	0.2421210	0.3420190	0.471740	0.731934	1.079330	1.368290	1.451650	1.285810	0.962461	0.629298	0.390732	0.249430	0.171606	0.124492	0.0893174	0.0600185	0.0366768	0.0201402	0.00990758	0.00436924	0.001730260	0.000616056	1.97234e-04	5.67215e-05	1.88454e-05	#_58        
   59	1	1	0	0	1000	0.014987100	0.03949720	0.01474310	0.01690700	0.05013100	0.0680295	0.0949853	0.1835500	0.3056450	0.461716	0.646163	0.838037	1.062220	1.273030	1.336490	1.183200	0.886208	0.589889	0.364339	0.220084	0.136541	0.0877140	0.0561817	0.0341618	0.0190517	0.00957348	0.00430357	0.001727390	0.000619273	1.98451e-04	5.68743e-05	1.87407e-05	#_59        
   60	1	1	0	0	1000	0.003675680	0.00998319	0.01121920	0.06831910	0.20125200	0.2245660	0.1582410	0.1951110	0.2751280	0.379655	0.547596	0.743943	0.926075	1.072110	1.154950	1.126720	0.964452	0.731180	0.494817	0.305144	0.177846	0.1019610	0.0586596	0.0333849	0.0181528	0.00912601	0.00415312	0.001692390	0.000614705	1.98741e-04	5.71954e-05	1.88274e-05	#_60        
   61	1	1	0	0	1000	0.039841600	0.10487000	0.03588970	0.01735250	0.05651690	0.1298540	0.3279190	0.6103650	0.6774130	0.557412	0.524848	0.608025	0.734338	0.857625	0.932053	0.926652	0.836208	0.692212	0.518932	0.349404	0.212927	0.1200430	0.0644237	0.0336031	0.0170346	0.00823086	0.00369460	0.001508730	0.000553151	1.80813e-04	5.25297e-05	1.74163e-05	#_61        
   62	1	1	0	0	1000	0.006848170	0.01869300	0.02329190	0.14725400	0.43061200	0.4560910	0.2406800	0.2573060	0.5051060	0.838847	1.026290	0.936153	0.758538	0.678391	0.674926	0.667387	0.616814	0.533371	0.425984	0.309441	0.202762	0.1200300	0.0649429	0.0327035	0.0155857	0.00707234	0.00303164	0.001207330	0.000438966	1.43762e-04	4.20462e-05	1.40731e-05	#_62        
   63	1	1	0	0	1000	0.007182150	0.01899780	0.00888484	0.02436120	0.08628860	0.2112100	0.5519560	1.0113900	1.0556100	0.769799	0.707682	0.874189	0.959673	0.849445	0.658931	0.513821	0.426537	0.364652	0.300540	0.229632	0.159680	0.1002120	0.0567073	0.0291038	0.0136949	0.00597824	0.00243850	0.000928358	0.000326990	1.05250e-04	3.05980e-05	1.02665e-05	#_63        
   64	1	1	0	0	1000	0.002965870	0.00791400	0.00542839	0.02463960	0.07435360	0.0994099	0.1463900	0.3525990	0.7616290	1.269850	1.511170	1.302820	0.983461	0.815360	0.705201	0.554939	0.400434	0.292768	0.223243	0.169695	0.121862	0.0801007	0.0475400	0.0253827	0.0122200	0.00533774	0.00213194	0.000783513	0.000265473	8.26517e-05	2.34738e-05	7.76487e-06	#_64        
   65	1	1	0	0	1000	0.003512030	0.00929008	0.00434301	0.01160330	0.03658010	0.0614056	0.1194830	0.2369880	0.3720430	0.607638	1.035580	1.476800	1.613420	1.365540	0.973741	0.662120	0.456113	0.317668	0.220438	0.153355	0.105788	0.0698732	0.0427041	0.0236615	0.0117857	0.00527105	0.00212289	0.000773639	0.000256336	7.74458e-05	2.13314e-05	6.84393e-06	#_65        
   66	1	1	0	0	1000	0.002237880	0.00595551	0.00368596	0.01511100	0.04547610	0.0594370	0.0765782	0.1485370	0.2636790	0.435914	0.679759	0.989801	1.331810	1.539110	1.439960	1.090400	0.707452	0.438276	0.275720	0.176962	0.113707	0.0716079	0.0431028	0.0241436	0.0123242	0.00566419	0.00233274	0.000860788	0.000285274	8.51858e-05	2.29830e-05	7.14503e-06	#_66        
   67	1	1	0	0	1000	0.006560280	0.01730320	0.00681856	0.01055920	0.03247400	0.0508169	0.0892586	0.1684020	0.2396780	0.328066	0.498150	0.743378	1.026880	1.286820	1.417400	1.323560	1.032650	0.700343	0.431381	0.253877	0.148294	0.0865060	0.0494706	0.0270178	0.0137510	0.00639755	0.00268564	0.001010060	0.000339433	1.01940e-04	2.74056e-05	8.37701e-06	#_67        
   68	1	1	0	0	1000	0.012277300	0.03243400	0.01408520	0.03075580	0.09019430	0.1046720	0.0902328	0.1386920	0.2245800	0.337092	0.473817	0.621452	0.808640	1.032620	1.216170	1.263830	1.135480	0.895704	0.622880	0.387137	0.221429	0.1205820	0.0638830	0.0328927	0.0161686	0.00742095	0.00312088	0.001186610	0.000404494	1.23074e-04	3.33708e-05	1.02059e-05	#_68        
   69	1	1	0	0	1000	0.012187600	0.03230710	0.01681000	0.05452750	0.16226500	0.1995730	0.2050900	0.3026030	0.3550740	0.355325	0.423866	0.556444	0.703476	0.847242	0.976591	1.052490	1.024470	0.899137	0.703248	0.487122	0.300389	0.1675330	0.0864319	0.0421123	0.0195555	0.00860585	0.00353567	0.001334000	0.000456069	1.39985e-04	3.83565e-05	1.18518e-05	#_69        
   70	1	1	0	0	1000	0.004810600	0.01287710	0.00985233	0.04895640	0.14932800	0.2074950	0.2929380	0.5003790	0.6214150	0.630188	0.638804	0.629996	0.630807	0.684566	0.759593	0.807786	0.801558	0.743627	0.631022	0.479984	0.324311	0.1947570	0.1048260	0.0512816	0.0231561	0.00975821	0.00384596	0.001408240	0.000473635	1.44632e-04	3.97256e-05	1.23770e-05	#_70        
   71	1	1	0	0	1000	0.004326960	0.01146420	0.00582799	0.01845300	0.05940030	0.1078620	0.2305290	0.4623520	0.6696850	0.839927	0.973220	0.965488	0.851302	0.736048	0.663227	0.628805	0.602761	0.566054	0.500915	0.405724	0.295345	0.1913650	0.1101170	0.0564883	0.0260481	0.01091100	0.00419115	0.001484000	0.000483987	1.44552e-04	3.92151e-05	1.21735e-05	#_71        
   72	1	1	0	0	1000	0.005197170	0.01374620	0.00638691	0.01669610	0.05055300	0.0704553	0.1069710	0.2279430	0.4306580	0.720230	1.020670	1.191060	1.189820	1.049180	0.843293	0.660291	0.537002	0.464413	0.405668	0.337732	0.258207	0.1776370	0.1088570	0.0592035	0.0286064	0.01233630	0.00478009	0.001676120	0.000534785	1.55606e-04	4.12289e-05	1.25488e-05	#_72        
   73	1	1	0	0	1000	0.026471600	0.06972570	0.02506870	0.02158120	0.06285670	0.0813479	0.0993624	0.1745460	0.2725770	0.426860	0.694381	1.015490	1.255190	1.299470	1.145410	0.891795	0.650276	0.484546	0.379657	0.302887	0.233154	0.1660050	0.1066770	0.0611194	0.0310620	0.01399250	0.00559902	0.001998200	0.000639177	1.84110e-04	4.79070e-05	1.42180e-05	#_73        
   74	1	1	0	0	1000	0.003277200	0.00910106	0.01513780	0.10420300	0.30612400	0.3334810	0.2042640	0.2121160	0.2757310	0.347438	0.482100	0.683646	0.928517	1.135630	1.190140	1.056740	0.815634	0.587936	0.417942	0.301617	0.218891	0.1538330	0.1006770	0.0597380	0.0316677	0.01489400	0.00620041	0.002285730	0.000747773	2.17790e-04	5.66687e-05	1.66031e-05	#_74        
   75	1	1	0	0	1000	0.006495520	0.01714100	0.00699045	0.01310390	0.05002360	0.1471460	0.4259360	0.7998470	0.8568400	0.634299	0.512355	0.544983	0.650430	0.789680	0.900821	0.910020	0.797339	0.625776	0.452859	0.312321	0.210904	0.1399200	0.0892886	0.0531842	0.0288394	0.01401090	0.00604598	0.002308370	0.000779012	2.32547e-04	6.15165e-05	1.81543e-05	#_75        
   76	1	1	0	0	1000	0.030675600	0.08079260	0.02888740	0.02357690	0.06772960	0.0830168	0.1001010	0.2487600	0.5933790	1.048550	1.281450	1.113300	0.821693	0.677569	0.666427	0.676866	0.639724	0.553246	0.434621	0.312287	0.209195	0.1332330	0.0812858	0.0470688	0.0253654	0.01246770	0.00550502	0.002162840	0.000752228	2.31077e-04	6.26714e-05	1.89162e-05	#_76        
   77	1	1	0	0	1000	0.005695090	0.01547400	0.01753520	0.10706300	0.31416900	0.3409260	0.2034260	0.2043180	0.2805080	0.441026	0.783456	1.175600	1.329810	1.153140	0.851786	0.635444	0.523112	0.453025	0.377246	0.289253	0.202569	0.1305580	0.0783467	0.0440751	0.0231782	0.01126740	0.00499137	0.001989440	0.000706850	2.22569e-04	6.19082e-05	1.92295e-05	#_77        
   78	1	1	0	0	1000	0.001888170	0.00505653	0.00394135	0.02041620	0.07131480	0.1656850	0.4200080	0.7728500	0.8235330	0.610028	0.526701	0.659238	0.898846	1.080530	1.052890	0.838373	0.592997	0.425927	0.324407	0.248875	0.180905	0.1209730	0.0740015	0.0415718	0.0215377	0.01028770	0.00450481	0.001792000	0.000641435	2.04938e-04	5.81039e-05	1.85370e-05	#_78        
   79	1	1	0	0	1000	0.003030300	0.00800102	0.00336734	0.00679327	0.02196800	0.0427457	0.1097710	0.2932100	0.6260510	1.039470	1.248600	1.099910	0.870251	0.808383	0.842856	0.810675	0.667896	0.491714	0.343408	0.238788	0.165807	0.1110620	0.0693328	0.0396386	0.0206586	0.00981810	0.00425456	0.001676430	0.000597485	1.91364e-04	5.47337e-05	1.77824e-05	#_79        
   80	1	1	0	0	1000	0.007627910	0.02011650	0.00785776	0.01157360	0.03394330	0.0416124	0.0461359	0.0957926	0.2194240	0.481388	0.896872	1.302730	1.448850	1.278030	0.999975	0.797151	0.659307	0.531635	0.397121	0.275276	0.181681	0.1159100	0.0708340	0.0405522	0.0213365	0.01021090	0.00442699	0.001736220	0.000614874	1.96045e-04	5.60454e-05	1.83343e-05	#_80        
   81	1	1	0	0	1000	0.004115180	0.01096630	0.00715594	0.03088170	0.09117410	0.1048670	0.0847027	0.1128760	0.1529070	0.224976	0.420281	0.770606	1.183680	1.451540	1.420250	1.153980	0.845231	0.617854	0.456406	0.326587	0.219596	0.1382710	0.0820389	0.0458398	0.0238709	0.01142590	0.00497180	0.001953880	0.000691179	2.19640e-04	6.25724e-05	2.04470e-05	#_81        
   82	1	1	0	0	1000	0.003806260	0.01009050	0.00527631	0.01742890	0.05467910	0.0885242	0.1600570	0.2841210	0.3294830	0.303671	0.332201	0.462806	0.716358	1.049460	1.301370	1.318140	1.108930	0.830287	0.584832	0.400193	0.265778	0.1679470	0.0994025	0.0547769	0.0280253	0.01323990	0.00572729	0.002248920	0.000796211	2.53046e-04	7.19970e-05	2.34695e-05	#_82        
   83	1	1	0	0	1000	0.004727910	0.01250820	0.00589135	0.01588890	0.04829400	0.0683618	0.1047400	0.2097190	0.3490580	0.499544	0.602266	0.607510	0.617094	0.740134	0.945934	1.103220	1.099140	0.950511	0.728071	0.507549	0.330903	0.2045920	0.1196440	0.0654724	0.0332029	0.01550380	0.00663092	0.002582910	0.000910706	2.89029e-04	8.22038e-05	2.67747e-05	#_83        
   84	1	1	0	0	1000	0.006894550	0.01822430	0.00817840	0.01961190	0.05872310	0.0768724	0.0969126	0.1729680	0.2686340	0.399613	0.586955	0.757559	0.837567	0.837320	0.840140	0.888685	0.925629	0.892961	0.769027	0.587447	0.402700	0.2521010	0.1461860	0.0789443	0.0395866	0.01830820	0.00775640	0.002993160	0.001046940	3.30379e-04	9.36508e-05	3.04444e-05	#_84        
   85	1	1	0	0	1000	0.023447700	0.06180470	0.02333520	0.02867900	0.08422400	0.1064180	0.1204910	0.1972330	0.2735630	0.352859	0.485943	0.654416	0.817825	0.922327	0.935085	0.888963	0.834646	0.790042	0.717222	0.594725	0.441127	0.2924270	0.1747220	0.0950500	0.0474034	0.02170880	0.00910502	0.003481070	0.001207230	3.78078e-04	1.06509e-04	3.44418e-05	#_85        
   86	1	1	0	0	1000	0.005854080	0.01581270	0.01563510	0.08997570	0.26529600	0.2984980	0.2179550	0.2677950	0.3411320	0.392516	0.476979	0.579407	0.691982	0.804642	0.873447	0.866613	0.798658	0.719410	0.637070	0.538952	0.420683	0.2961390	0.1864540	0.1051360	0.0533813	0.02453950	0.01024580	0.003885970	0.001335990	4.14971e-04	1.16040e-04	3.72377e-05	#_86        
   87	1	1	0	0	1000	0.013144700	0.03467070	0.01369200	0.02177760	0.07278210	0.1552870	0.3720690	0.6900790	0.7751360	0.646828	0.584062	0.599420	0.631614	0.674617	0.712684	0.719725	0.681864	0.619066	0.541696	0.454073	0.358430	0.2605760	0.1713380	0.1008870	0.0530494	0.02495210	0.01053270	0.004001560	0.001370230	4.22773e-04	1.17348e-04	3.73264e-05	#_87        
   88	1	1	0	0	1000	0.007911580	0.02101670	0.01205470	0.04499550	0.13296500	0.1562620	0.1492760	0.2835590	0.5699420	0.933657	1.145730	1.053300	0.838750	0.697742	0.634666	0.596560	0.553822	0.505563	0.446191	0.375221	0.297154	0.2186070	0.1471620	0.0894721	0.0487005	0.02363340	0.01021850	0.003941820	0.001359290	4.19672e-04	1.16087e-04	3.66588e-05	#_88        
   89	1	1	0	0	1000	0.003940850	0.01049380	0.00665593	0.02814720	0.08688420	0.1290700	0.2056700	0.3616660	0.4600300	0.555113	0.809346	1.121880	1.249970	1.110600	0.851000	0.638400	0.509660	0.435545	0.377507	0.317705	0.253131	0.1878420	0.1281500	0.0794601	0.0443518	0.02212920	0.00982899	0.003879810	0.001361110	4.24801e-04	1.18090e-04	3.72741e-05	#_89        
   90	1	1	0	0	1000	0.001212520	0.00325634	0.00275957	0.01476920	0.04638600	0.0746935	0.1396090	0.2822700	0.4402330	0.607303	0.777839	0.919764	1.068730	1.177040	1.118960	0.897519	0.645386	0.468303	0.361474	0.288958	0.227113	0.1689300	0.1162920	0.0730735	0.0414997	0.02114150	0.00960781	0.003880780	0.001390460	4.41624e-04	1.24368e-04	3.96106e-05	#_90        
   91	1	1	0	0	1000	0.002755000	0.00726857	0.00291859	0.00495888	0.01615080	0.0319395	0.0765451	0.1709160	0.3006950	0.487711	0.723221	0.932790	1.076700	1.150210	1.143790	1.033690	0.829431	0.611441	0.434447	0.311475	0.227256	0.1636320	0.1118890	0.0706996	0.0406167	0.02100710	0.00971742	0.004001850	0.001462610	4.73483e-04	1.35633e-04	4.39282e-05	#_91        
   92	1	1	0	0	1000	0.003017300	0.00798938	0.00393176	0.01153720	0.03406090	0.0404000	0.0396633	0.0757918	0.1598630	0.311826	0.533798	0.790882	1.032070	1.191110	1.225770	1.139430	0.964337	0.760442	0.561068	0.392960	0.267880	0.1800900	0.1179600	0.0732648	0.0420568	0.02192370	0.01026780	0.004292230	0.001594770	5.25171e-04	1.52999e-04	5.05218e-05	#_92        
   93	1	1	0	0	1000	0.005121180	0.01353100	0.00592743	0.01332970	0.04006220	0.0536993	0.0699119	0.1161500	0.1499600	0.192410	0.318361	0.544090	0.825752	1.084300	1.237060	1.237620	1.102880	0.909621	0.700725	0.504962	0.342903	0.2221180	0.1383410	0.0824380	0.0462281	0.02391790	0.01123440	0.004738080	0.001781920	5.95027e-04	1.75937e-04	5.92062e-05	#_93        
   94	1	1	0	0	1000	0.015311100	0.04037670	0.01572380	0.02283550	0.06717790	0.0835646	0.0905701	0.1463080	0.2027190	0.250403	0.315114	0.409735	0.577295	0.822068	1.059920	1.185380	1.154630	1.018860	0.826108	0.618635	0.429908	0.2789180	0.1701060	0.0979222	0.0530581	0.02678770	0.01242910	0.005230760	0.001976500	6.65892e-04	1.99122e-04	6.81041e-05	#_94        
   95	1	1	0	0	1000	0.034574600	0.09123280	0.03694580	0.06361050	0.18552300	0.2129910	0.1706300	0.2239980	0.2820110	0.314836	0.371702	0.436863	0.511246	0.626715	0.786899	0.938273	1.004110	0.968907	0.845254	0.669330	0.483902	0.3212560	0.1969530	0.1120480	0.0593010	0.02914710	0.01322150	0.005483850	0.002059330	6.94195e-04	2.08695e-04	7.21921e-05	#_95        
   96	1	1	0	0	1000	0.016663700	0.04439260	0.02863810	0.12226900	0.36222400	0.4261390	0.3743640	0.5029260	0.5655480	0.500438	0.473586	0.483183	0.496674	0.527004	0.581127	0.650839	0.706636	0.724506	0.680711	0.577439	0.441417	0.3051550	0.1917500	0.1100730	0.0579564	0.02804820	0.01246730	0.005070800	0.001875830	6.26712e-04	1.87832e-04	6.51947e-05	#_96        
   97	1	1	0	0	1000	0.003341600	0.00902637	0.00894836	0.05220260	0.16423900	0.2641250	0.4745590	0.8484840	1.0018900	0.914502	0.829467	0.723158	0.591888	0.503641	0.464200	0.454595	0.458945	0.466161	0.453382	0.406297	0.329094	0.2393960	0.1564580	0.0921683	0.0491349	0.02378500	0.01047610	0.004198900	0.001528470	5.03446e-04	1.49335e-04	5.15234e-05	#_97        
   98	1	1	0	0	1000	0.000724964	0.00195507	0.00186387	0.01084010	0.03696730	0.0812485	0.2118430	0.4727710	0.7895180	1.128080	1.346270	1.265930	1.000730	0.738673	0.541545	0.416741	0.351636	0.324911	0.307806	0.280518	0.236192	0.1798800	0.1228080	0.0750049	0.0410347	0.02016300	0.00892218	0.003562350	0.001284280	4.17763e-04	1.22369e-04	4.16918e-05	#_98        
   99	1	1	0	0	1000	0.001978810	0.00521674	0.00199349	0.00268877	0.00896775	0.0199571	0.0568836	0.1548580	0.3521640	0.691445	1.110740	1.434310	1.507870	1.299880	0.946186	0.625779	0.416718	0.309489	0.256995	0.222852	0.187726	0.1466370	0.1036890	0.0656560	0.0370846	0.01867990	0.00840277	0.003381920	0.001219890	3.94758e-04	1.14611e-04	3.85402e-05	#_99        
  100	1	1	0	0	1000	0.003017360	0.00797300	0.00350753	0.00794273	0.02325530	0.0267275	0.0236069	0.0470135	0.1191720	0.286934	0.596203	1.021230	1.420630	1.595670	1.456040	1.100730	0.722972	0.458304	0.307904	0.227475	0.177311	0.1359370	0.0972865	0.0631767	0.0367331	0.01901810	0.00875383	0.003583400	0.001306020	4.24350e-04	1.23043e-04	4.10656e-05	#_100       
-9999	0	0	0	0	   0	0.000000000	0.00000000	0.00000000	0.00000000	0.00000000	0.0000000	0.0000000	0.0000000	0.0000000	0.000000	0.000000	0.000000	0.000000	0.000000	0.000000	0.000000	0.000000	0.000000	0.000000	0.000000	0.000000	0.0000000	0.0000000	0.0000000	0.0000000	0.00000000	0.00000000	0.000000000	0.000000000	0.00000e+00	0.00000e+00	0.00000e+00	#_terminator
30 #_N_agebins
#
#_agebin_vector
1 2 3 4 5 6 7 8 9 10 11 12 13 14 15 16 17 18 19 20 21 22 23 24 25 26 27 28 29 30 #_agebin_vector
#
#_ageing_error
1 #_N_ageerror_definitions
#_age0	age1	age2	age3	age4	age5	age6	age7	age8	age9	age10	age11	age12	age13	age14	age15	age16	age17	age18	age19	age20	age21	age22	age23	age24	age25	age26	age27	age28	age29	age30
-1.000	-1.000	-1.000	-1.000	-1.000	-1.000	-1.000	-1.000	-1.000	-1.000	-1.000	-1.000	-1.000	-1.000	-1.000	-1.000	-1.000	-1.000	-1.000	-1.000	-1.000	-1.000	-1.000	-1.000	-1.000	-1.000	-1.000	-1.000	-1.000	-1.000	-1.000	#_1
 0.001	 0.001	 0.001	 0.001	 0.001	 0.001	 0.001	 0.001	 0.001	 0.001	 0.001	 0.001	 0.001	 0.001	 0.001	 0.001	 0.001	 0.001	 0.001	 0.001	 0.001	 0.001	 0.001	 0.001	 0.001	 0.001	 0.001	 0.001	 0.001	 0.001	 0.001	#_2
#
#_age_info
#_mintailcomp	addtocomp	combine_M_F	CompressBins	CompError	ParmSelect	minsamplesize
-1	1e-10	0	0	0	0	1	#_Fishery
-1	1e-10	0	0	0	0	1	#_Survey 
3 #_Lbin_method: 1=poplenbins; 2=datalenbins; 3=lengths
 #_combine males into females at or below this bin number
#_Yr	Seas	FltSvy	Gender	Part	Ageerr	Lbin_lo	Lbin_hi	Nsamp	a1	a2	a3	a4	a5	a6	a7	a8	a9	a10	a11	a12	a13	a14	a15	a16	a17	a18	a19	a20	a21	a22	a23	a24	a25	a26	a27	a28	a29	a30
    1	1	1	0	0	1	-1	-1	100	9.23531e-03	0.02484296	0.0251656	0.0842258	0.0517347	0.03722038	0.55387311	0.00749616	0.013233446	0.050795131	0.016917626	2.76748e-02	9.10160e-03	1.53625e-02	7.14083e-04	2.79469e-03	5.33204e-03	1.59473e-02	1.56219e-02	1.11446e-02	 2.63736e-06	 3.05852e-03	 1.36177e-02	 1.19152e-03	 1.74179e-04	 9.19645e-11	 5.76438e-12	 2.47325e-14	 2.60373e-03	 9.18101e-04	#_1         
    2	1	1	0	0	1	-1	-1	100	1.60961e-03	0.01874105	0.0594017	0.0382652	0.0963008	0.04042468	0.09619053	0.47263532	0.015271090	0.001512773	0.033863779	1.34376e-02	3.24525e-02	5.66683e-03	1.40913e-02	3.57497e-04	1.43538e-02	2.82824e-03	3.37104e-03	1.55592e-03	 4.33878e-03	 1.57775e-03	 1.28013e-02	 5.92407e-04	 1.90638e-05	 1.59727e-03	 3.78055e-20	 1.66104e-64	 8.01744e-15	 1.67421e-02	#_2         
    3	1	1	0	0	1	-1	-1	100	7.00398e-03	0.01311342	0.0478396	0.0617895	0.0364027	0.09400231	0.04158590	0.00545353	0.593253444	0.011171599	0.000692769	3.05826e-02	9.69759e-04	1.55400e-02	7.74540e-03	1.70823e-02	5.89540e-04	1.83008e-03	2.61866e-08	1.59220e-04	 1.68515e-03	 1.11983e-06	 1.18345e-08	 5.02448e-03	 5.17701e-03	 8.33852e-08	 1.74250e-05	 4.15950e-05	 2.50629e-48	 1.24539e-03	#_3         
    4	1	1	0	0	1	-1	-1	100	2.71926e-03	0.01252663	0.0211991	0.0528568	0.1181625	0.05703045	0.03593919	0.08822936	0.026074847	0.425345348	0.022190158	5.40752e-03	3.93278e-02	4.00264e-03	3.58560e-02	3.64051e-03	1.77135e-02	3.33469e-04	6.81336e-04	2.64005e-06	 4.71473e-03	 1.45000e-03	 8.15806e-03	 1.01610e-02	 6.01489e-04	 4.05495e-03	 4.57168e-07	 1.50640e-11	 5.78949e-19	 1.62023e-03	#_4         
    5	1	1	0	0	1	-1	-1	100	2.46426e-02	0.00739018	0.0107325	0.0476400	0.0477764	0.10370761	0.08261803	0.08368827	0.080249580	0.007480724	0.354295578	1.20154e-02	3.15244e-02	9.62734e-03	2.41852e-03	1.68215e-02	1.39709e-03	3.70611e-03	4.05237e-03	2.83935e-02	 1.45798e-04	 3.85061e-04	 8.16736e-06	 1.01837e-02	 3.35925e-03	 2.16798e-02	 1.54837e-03	 1.56377e-06	 4.54430e-18	 2.51053e-03	#_5         
    6	1	1	0	0	1	-1	-1	100	4.95595e-03	0.09069777	0.0207973	0.0652904	0.0527536	0.06290988	0.05534103	0.02342038	0.073500300	0.064079804	0.002953520	3.66617e-01	1.31770e-02	1.00602e-02	2.24059e-02	1.04222e-03	1.84387e-02	2.39841e-02	3.01429e-03	4.08568e-03	 1.28156e-02	 1.85409e-05	 1.21952e-03	 1.44310e-03	 1.02026e-04	 1.65352e-04	 3.21581e-03	 1.42608e-03	 1.19772e-06	 6.80603e-05	#_6         
    7	1	1	0	0	1	-1	-1	100	8.62033e-03	0.02536484	0.2578304	0.0667770	0.0505710	0.03093556	0.07450915	0.08210734	0.010838291	0.008553536	0.035550192	2.03572e-02	2.36666e-01	2.10724e-02	2.26333e-03	3.10826e-02	2.34549e-02	2.10503e-03	4.69597e-04	3.63894e-03	 2.86170e-03	 5.80692e-04	 1.02932e-03	 1.21348e-04	 8.77904e-04	 1.51149e-04	 6.57208e-06	 3.87059e-04	 3.02285e-04	 9.14706e-04	#_7         
    8	1	1	0	0	1	-1	-1	100	5.84285e-03	0.00711271	0.0260401	0.2149848	0.0976146	0.05084993	0.05302309	0.10006701	0.053410399	0.002255284	0.032057341	1.37441e-02	1.88041e-02	2.80680e-01	3.22689e-03	2.76887e-03	1.88599e-02	6.12286e-04	1.46794e-02	3.92351e-04	 3.20952e-04	 5.62859e-04	 2.29420e-04	 6.39759e-09	 2.16231e-05	 8.50582e-04	 1.07090e-09	 1.68843e-05	 7.99396e-04	 1.71914e-04	#_8         
    9	1	1	0	0	1	-1	-1	100	6.33354e-03	0.01812318	0.0119194	0.0561466	0.3164601	0.03089971	0.04044806	0.04535809	0.100296007	0.029850236	0.019946298	5.04999e-02	1.51847e-02	6.60152e-03	1.91881e-01	3.56535e-03	1.92863e-03	1.17446e-02	1.10158e-04	1.08473e-02	 5.42183e-05	 1.88450e-02	 4.44258e-11	 2.22482e-05	 6.47032e-04	 2.07679e-04	 3.35893e-03	 1.32382e-03	 2.19062e-09	 7.39627e-03	#_9         
   10	1	1	0	0	1	-1	-1	100	2.81916e-03	0.03137125	0.1296673	0.0196490	0.0352950	0.33306475	0.03728094	0.03118251	0.022161747	0.032977432	0.051292016	7.10113e-03	2.53132e-02	1.87711e-02	3.25712e-03	1.54080e-01	4.37367e-05	3.96247e-03	1.32413e-02	7.46662e-04	 3.24379e-03	 1.89532e-02	 1.59404e-05	 1.63003e-02	 7.15959e-04	 4.46103e-06	 1.55620e-03	 7.07634e-04	 2.30091e-05	 5.20193e-03	#_10        
   11	1	1	0	0	1	-1	-1	100	9.21553e-04	0.01224952	0.0522375	0.0510114	0.0130462	0.05136420	0.28242539	0.02921746	0.025435708	0.024578792	0.042400363	5.78386e-02	9.88787e-03	2.27473e-02	4.42461e-02	1.95589e-03	2.16320e-01	2.83902e-03	4.06791e-03	2.65818e-02	 8.68871e-04	 2.08083e-03	 1.20514e-02	 1.13617e-02	 4.15948e-19	 2.73221e-06	 1.52017e-07	 1.00960e-08	 1.86758e-03	 3.94489e-04	#_11        
   12	1	1	0	0	1	-1	-1	100	6.50631e-03	0.00666565	0.0630703	0.0898887	0.0512177	0.02358842	0.01576740	0.31001583	0.028830915	0.016457708	0.033491417	4.96361e-02	6.17040e-02	5.68401e-03	5.19252e-02	3.19871e-03	6.89272e-03	8.53941e-02	2.12108e-03	2.76901e-03	 4.45710e-02	 9.16437e-04	 7.80590e-03	 3.08018e-05	 1.27323e-05	 3.01269e-06	 1.23634e-02	 5.30663e-17	 2.94370e-04	 1.91769e-02	#_12        
   13	1	1	0	0	1	-1	-1	100	1.47925e-02	0.00771138	0.0124232	0.1349042	0.1349629	0.04798916	0.02632304	0.02124489	0.241100960	0.082475917	0.025952158	1.22177e-02	2.67697e-02	3.18842e-02	3.81535e-03	1.52579e-02	9.69423e-03	1.25968e-02	1.07953e-01	8.24621e-04	 6.61723e-04	 1.14989e-02	 4.01560e-03	 6.45143e-03	 5.72582e-06	 2.22196e-05	 3.66588e-09	 2.18134e-07	 5.70629e-09	 6.45024e-03	#_13        
   14	1	1	0	0	1	-1	-1	100	1.30729e-05	0.06292838	0.0463420	0.0262978	0.0439954	0.10615209	0.06833973	0.03663576	0.005602040	0.248599022	0.017223341	1.22272e-02	5.05804e-02	8.36399e-02	1.33195e-03	2.46058e-02	6.26301e-03	8.68138e-03	1.17246e-03	1.14077e-01	 2.69891e-07	 6.14802e-04	 1.27972e-02	 3.84872e-03	 4.99655e-03	 3.50567e-05	 4.98980e-03	 4.94966e-07	 2.46305e-07	 8.00863e-03	#_14        
   15	1	1	0	0	1	-1	-1	100	2.58162e-04	0.02711527	0.0957760	0.0265361	0.0736438	0.08841781	0.06784274	0.04579850	0.014172683	0.027808389	0.197124428	1.09079e-02	1.97839e-02	2.34928e-02	2.30055e-02	2.45995e-02	2.44482e-02	2.15798e-02	8.08485e-03	2.11037e-05	 1.24093e-01	 2.43782e-04	 3.36949e-08	 1.73168e-02	 6.33995e-03	 1.31075e-02	 1.72248e-03	 1.00244e-02	 4.19227e-05	 6.69263e-03	#_15        
   16	1	1	0	0	1	-1	-1	100	3.26592e-03	0.01004063	0.0505842	0.1891418	0.0557302	0.04448563	0.08352851	0.06143157	0.059962015	0.013105825	0.017148856	1.46253e-01	9.49679e-03	9.53514e-03	9.54636e-03	3.41224e-02	3.75285e-02	9.90828e-04	2.62161e-02	7.95457e-03	 1.98646e-02	 7.26708e-02	 6.93598e-13	 1.09363e-05	 1.22363e-02	 9.20751e-05	 1.13636e-04	 1.04339e-03	 4.06740e-03	 1.98318e-02	#_16        
   17	1	1	0	0	1	-1	-1	100	2.02745e-02	0.01371436	0.0768925	0.0587823	0.2099707	0.00928715	0.04056189	0.09440795	0.099357289	0.023893055	0.003999562	1.74553e-02	1.26212e-01	1.22845e-02	2.77740e-02	8.13774e-03	3.35330e-03	9.58051e-03	1.19609e-03	8.16696e-03	 3.60001e-03	 5.84044e-05	 6.38008e-02	 1.43315e-03	 4.04344e-05	 8.95633e-03	 3.21819e-03	 1.17319e-02	 3.72597e-03	 3.81327e-02	#_17        
   18	1	1	0	0	1	-1	-1	100	4.73222e-02	0.04283266	0.0423081	0.0323162	0.0911873	0.21121317	0.04960199	0.05403374	0.119793942	0.060460404	0.014855529	1.86023e-03	7.83288e-03	8.27510e-02	2.13939e-02	5.17679e-03	3.13362e-03	1.08360e-02	2.09017e-04	3.54855e-04	 1.94213e-04	 4.42127e-02	 5.03638e-04	 3.77854e-02	 8.76331e-11	 4.91157e-04	 1.49062e-02	 7.59532e-11	 1.42170e-03	 1.01143e-03	#_18        
   19	1	1	0	0	1	-1	-1	100	1.65551e-02	0.07016390	0.0606831	0.0621583	0.0527945	0.03651637	0.24858039	0.00555198	0.024948056	0.048864899	0.029966002	5.27834e-02	9.75137e-03	4.66719e-03	1.08437e-01	1.02493e-03	3.21986e-02	8.80339e-03	5.11707e-02	4.94212e-03	 1.08011e-04	 4.83497e-03	 3.04474e-03	 1.63987e-05	 5.95026e-02	 2.66121e-06	 3.60450e-10	 2.97013e-05	 1.24016e-07	 1.89918e-03	#_19        
   20	1	1	0	0	1	-1	-1	100	2.00655e-02	0.06535590	0.1235549	0.1233895	0.0474520	0.02112904	0.03853440	0.18504063	0.007272338	0.010445678	0.047368029	2.01521e-02	1.40740e-02	3.24310e-02	2.37643e-02	1.07769e-01	2.86687e-03	1.76135e-02	9.34141e-03	1.11819e-02	 2.42740e-02	 3.98900e-03	 3.37721e-03	 1.93799e-03	 8.11001e-06	 2.44576e-02	 4.08132e-10	 3.87236e-05	 3.87251e-03	 9.24285e-03	#_20        
   21	1	1	0	0	1	-1	-1	100	3.29764e-03	0.05945923	0.0880892	0.1797792	0.0598414	0.07365833	0.02531752	0.04872527	0.133258379	0.022072671	0.041439832	4.85783e-02	2.12051e-02	7.31973e-03	7.21016e-04	2.22564e-03	4.70992e-02	2.34591e-02	4.95568e-02	2.99515e-03	 3.33250e-03	 9.75035e-03	 6.04105e-04	 1.04297e-02	 1.48071e-02	 7.06188e-04	 1.44758e-02	 2.70477e-07	 1.12478e-07	 7.79517e-03	#_21        
   22	1	1	0	0	1	-1	-1	100	4.97181e-02	0.00960265	0.0838106	0.1031413	0.2030039	0.07423098	0.10538673	0.02530647	0.028209758	0.151756176	0.005957380	3.69705e-04	1.42767e-02	2.07260e-02	8.02390e-03	6.53163e-04	2.99143e-03	2.24249e-02	1.43766e-02	8.80237e-03	 3.90505e-04	 2.91639e-03	 1.93218e-02	 7.11675e-04	 7.14334e-04	 4.62193e-03	 2.45090e-03	 2.41872e-02	 1.35660e-11	 1.19162e-02	#_22        
   23	1	1	0	0	1	-1	-1	100	1.72334e-02	0.02893144	0.0299204	0.1659393	0.0925401	0.19175172	0.08451732	0.04373178	0.033325814	0.012133333	0.107052284	1.50012e-02	8.74363e-03	1.50544e-02	2.56491e-02	3.70003e-03	1.43246e-06	1.37791e-02	2.81137e-02	1.58947e-03	 1.99532e-03	 2.38589e-03	 4.99132e-05	 1.81504e-02	 1.54056e-03	 3.99414e-03	 1.71693e-04	 4.05498e-07	 4.45898e-02	 8.41282e-03	#_23        
   24	1	1	0	0	1	-1	-1	100	4.49834e-03	0.03015844	0.0654704	0.0325782	0.2065556	0.08334758	0.14897492	0.02582539	0.023790074	0.011193359	0.010943703	1.39618e-01	2.34497e-02	1.21026e-02	5.72275e-02	1.80835e-02	1.19905e-02	2.39287e-03	1.42851e-03	1.18682e-02	 3.39560e-03	 1.41593e-03	 6.37043e-03	 4.73252e-04	 3.55683e-04	 3.03874e-02	 1.29131e-03	 1.61499e-03	 2.76229e-05	 3.31702e-02	#_24        
   25	1	1	0	0	1	-1	-1	100	2.70163e-03	0.05489241	0.0906095	0.1410613	0.0211563	0.19270073	0.06996928	0.13655317	0.039268632	0.015672092	0.009812698	3.78308e-02	6.44517e-02	1.43054e-03	6.89403e-03	1.63113e-02	1.64047e-02	1.54417e-03	1.05083e-02	2.12466e-03	 7.66608e-03	 5.59530e-04	 2.54435e-03	 6.66773e-03	 2.76366e-02	 5.64211e-03	 1.09557e-05	 2.81418e-03	 4.90583e-04	 1.40700e-02	#_25        
   26	1	1	0	0	1	-1	-1	100	9.56234e-03	0.03317929	0.0569615	0.0762737	0.1622634	0.04287427	0.10600919	0.04180576	0.113093298	0.022882872	0.011936670	2.88134e-02	5.33262e-02	7.65773e-02	2.01707e-02	1.45003e-03	1.70807e-02	7.98397e-04	4.40823e-02	8.78743e-05	 2.83890e-03	 2.46271e-02	 1.10248e-03	 3.22253e-04	 2.97042e-05	 2.56475e-08	 8.85574e-03	 4.88142e-04	 1.52891e-03	 4.09777e-02	#_26        
   27	1	1	0	0	1	-1	-1	100	1.02691e-01	0.01695232	0.0369033	0.0977503	0.0702812	0.08687731	0.04836046	0.12372604	0.021405825	0.070042987	0.035439684	1.50119e-02	8.37130e-03	3.17065e-02	4.10385e-02	4.41883e-03	3.88276e-02	2.30304e-02	3.38753e-02	2.96187e-02	 7.68846e-03	 4.75170e-04	 1.22096e-02	 7.72072e-03	 8.81615e-04	 4.15426e-04	 5.07944e-06	 2.00898e-02	 1.24185e-07	 1.41844e-02	#_27        
   28	1	1	0	0	1	-1	-1	100	4.75547e-03	0.24146314	0.0279911	0.0263981	0.0377387	0.09278073	0.11789893	0.00971554	0.089457481	0.052098167	0.142777606	2.17356e-02	1.56918e-02	1.76589e-03	2.15272e-02	3.18691e-02	1.68590e-03	1.02196e-02	1.26342e-02	4.56377e-03	 1.08335e-04	 7.68392e-07	 3.60337e-04	 9.99402e-03	 8.75081e-05	 5.65100e-04	 2.14037e-07	 6.34285e-04	 9.54767e-05	 2.33858e-02	#_28        
   29	1	1	0	0	1	-1	-1	100	1.35726e-03	0.03957952	0.2404136	0.0378422	0.0345963	0.09876204	0.04098879	0.05882724	0.052585445	0.068682307	0.103430912	6.57598e-02	3.02801e-02	1.64210e-02	4.26753e-03	2.43592e-02	2.36963e-02	2.11240e-04	1.68998e-02	2.20394e-02	 1.67351e-03	 2.21604e-04	 7.70837e-06	 9.62376e-04	 1.08420e-02	 1.21150e-03	 2.34261e-06	 6.05604e-04	 3.83355e-04	 3.08990e-03	#_29        
   30	1	1	0	0	1	-1	-1	100	2.33167e-02	0.01182778	0.1044636	0.3497867	0.0198497	0.02140816	0.08038284	0.03642304	0.032559762	0.014618206	0.043134168	2.35730e-02	7.49008e-02	2.31018e-02	1.34694e-02	4.52941e-04	1.23817e-03	3.13792e-02	2.04791e-03	4.10483e-03	 4.45446e-02	 1.19475e-03	 4.32258e-04	 3.57424e-08	 1.25148e-08	 7.69066e-03	 9.19838e-07	 5.72011e-08	 4.48290e-06	 3.40935e-02	#_30        
   31	1	1	0	0	1	-1	-1	100	1.06201e-02	0.03571937	0.0294788	0.1239672	0.3714160	0.01917667	0.02606629	0.05571714	0.028598936	0.117022363	0.009475858	4.96233e-02	2.10720e-02	2.17690e-02	9.12362e-03	8.36914e-04	5.90940e-03	4.51942e-04	2.97112e-02	3.35596e-04	 3.54336e-03	 3.27365e-03	 1.15352e-02	 1.49688e-07	 5.15444e-07	 5.27824e-03	 1.02931e-03	 6.08207e-06	 1.31674e-04	 9.11024e-03	#_31        
   32	1	1	0	0	1	-1	-1	100	8.50586e-02	0.02133500	0.0316251	0.0603787	0.1143198	0.31744927	0.04398355	0.01428244	0.047086473	0.049936842	0.029666896	1.44252e-02	3.35457e-02	6.50991e-02	3.74267e-02	7.79751e-03	2.44583e-03	9.52042e-04	5.94189e-03	3.61806e-03	 2.38332e-05	 7.62777e-04	 1.03228e-05	 8.09492e-03	 6.40839e-04	 4.58820e-05	 4.99790e-06	 3.53780e-04	 4.00342e-13	 3.68789e-03	#_32        
   33	1	1	0	0	1	-1	-1	100	7.38915e-02	0.17537753	0.0651553	0.0302049	0.0277838	0.06717810	0.23079613	0.05356936	0.007954044	0.043660482	0.025990025	5.60848e-02	1.63967e-03	5.66455e-02	6.91540e-03	3.29512e-02	2.24978e-02	3.10098e-04	2.06494e-03	4.99028e-03	 2.00311e-03	 4.15630e-11	 1.35963e-04	 4.12085e-03	 3.14612e-03	 9.42164e-06	 1.54275e-12	 1.50079e-19	 5.21333e-04	 4.40219e-03	#_33        
   34	1	1	0	0	1	-1	-1	100	1.78186e-03	0.13107995	0.2936625	0.0418004	0.0163232	0.00842398	0.06324329	0.22907493	0.001040997	0.011376622	0.043563981	4.55862e-03	1.25796e-02	2.23700e-03	2.94993e-03	3.34588e-02	5.79590e-02	6.69724e-03	6.89902e-03	1.94074e-03	 9.69881e-06	 5.05115e-03	 9.73612e-05	 2.98403e-04	 2.59304e-03	 2.11036e-06	 4.21651e-06	 6.22832e-22	 4.89000e-06	 2.12875e-02	#_34        
   35	1	1	0	0	1	-1	-1	100	2.75263e-02	0.04531848	0.0777229	0.4681338	0.0126059	0.02838186	0.00375446	0.08000756	0.142318790	0.010431552	0.008742700	8.15287e-03	4.24324e-03	1.73455e-02	1.72577e-04	1.40717e-02	7.19009e-03	3.00317e-02	8.10553e-05	2.38704e-05	 2.32241e-06	 3.87578e-13	 2.55310e-03	 1.08459e-04	 2.47550e-05	 4.89565e-04	 9.98105e-03	 1.25865e-04	 1.83513e-34	 4.58003e-04	#_35        
   36	1	1	0	0	1	-1	-1	100	2.09859e-03	0.05621352	0.0447784	0.1812811	0.3804830	0.02845408	0.02378914	0.00649612	0.023852419	0.180050169	0.017158715	5.93122e-05	2.68740e-03	9.61042e-04	2.13961e-02	3.90654e-04	3.47930e-03	3.03889e-04	2.26084e-03	1.58228e-03	 4.09002e-04	 6.81623e-14	 1.67587e-03	 1.08757e-03	 1.40234e-10	 2.94431e-04	 2.26711e-03	 2.05709e-04	 1.26733e-06	 1.62829e-02	#_36        
   37	1	1	0	0	1	-1	-1	100	4.01545e-03	0.02642381	0.1692781	0.0495296	0.1778756	0.35224791	0.01214012	0.01760783	0.025773297	0.026262976	0.104137204	7.06249e-04	6.80112e-05	1.92691e-02	7.15520e-04	2.52813e-03	3.16084e-05	1.92330e-03	6.61574e-04	5.54086e-03	 4.51474e-05	 2.29110e-03	 6.83900e-09	 4.50055e-05	 6.94873e-05	 6.36573e-04	 4.43894e-07	 6.97419e-05	 1.22808e-07	 1.06099e-04	#_37        
   38	1	1	0	0	1	-1	-1	100	6.12712e-05	0.00285998	0.0547122	0.1572718	0.0454850	0.15935829	0.33227934	0.01791539	0.019948724	0.004975042	0.036109268	1.14845e-01	4.20180e-03	2.55918e-04	9.56388e-03	1.75785e-04	1.28068e-04	3.24995e-04	2.76694e-02	3.49427e-03	 7.05562e-03	 7.61585e-06	 5.80197e-06	 1.61934e-05	 9.88753e-16	 1.06776e-04	 8.03613e-25	 1.37433e-09	 3.36059e-12	 1.17275e-03	#_38        
   39	1	1	0	0	1	-1	-1	100	1.22705e-02	0.01144048	0.0282309	0.0776702	0.1560302	0.05366045	0.14182451	0.30385985	0.000658614	0.022288520	0.002099844	1.58052e-02	8.31943e-02	2.51291e-03	1.27083e-02	1.06281e-02	4.95655e-03	2.87150e-05	6.94746e-03	3.34079e-03	 4.99847e-04	 9.55827e-03	 1.06190e-03	 1.80400e-02	 2.82702e-03	 5.41094e-03	 9.40544e-03	 5.19517e-05	 5.64404e-16	 2.98818e-03	#_39        
   40	1	1	0	0	1	-1	-1	100	6.79761e-02	0.03412941	0.0320534	0.0752442	0.0863498	0.13445356	0.05327898	0.16163986	0.184136508	0.017294149	0.000134941	1.63303e-02	7.00784e-02	4.61498e-02	2.18562e-04	1.79835e-04	8.30614e-03	2.81047e-03	4.46728e-04	1.73272e-06	 1.53540e-03	 5.60981e-04	 4.48976e-06	 4.31157e-12	 3.22526e-03	 6.42246e-10	 1.03109e-17	 1.47451e-04	 2.58270e-04	 3.05529e-03	#_40        
   41	1	1	0	0	1	-1	-1	100	1.25526e-02	0.15476052	0.1022740	0.0519262	0.0584305	0.05525986	0.07958078	0.03996921	0.118830571	0.197459488	0.014942517	4.03582e-03	1.59952e-03	2.46881e-02	1.78374e-02	1.53100e-06	6.22857e-13	1.57899e-06	3.12846e-03	2.16536e-02	 2.53069e-04	 2.84312e-02	 3.20466e-04	 1.15242e-04	 9.81553e-11	 7.21878e-12	 2.94591e-36	 6.12819e-11	 5.96783e-05	 1.18881e-02	#_41        
   42	1	1	0	0	1	-1	-1	100	5.55919e-02	0.03528154	0.3078765	0.0716211	0.0400111	0.06757203	0.02982825	0.09682455	0.054936925	0.093400993	0.086595467	5.16044e-03	1.53233e-02	2.44808e-03	1.88297e-03	2.87243e-02	2.71232e-05	2.47246e-04	4.79210e-04	7.46586e-04	 1.69106e-04	 1.22785e-07	 1.10630e-03	 1.28792e-04	 6.09685e-07	 1.51923e-07	 2.40247e-03	 8.50507e-08	 1.04038e-23	 1.61273e-03	#_42        
   43	1	1	0	0	1	-1	-1	100	2.89777e-02	0.06062091	0.0627265	0.3759186	0.0516419	0.10206790	0.03187349	0.02606528	0.035203854	0.045627401	0.064805244	5.74130e-02	5.20626e-03	1.60419e-02	7.83156e-03	6.31468e-03	9.48638e-03	3.03700e-03	1.22069e-04	6.61217e-04	 6.54424e-16	 3.75398e-03	 2.40684e-03	 1.49912e-03	 8.32810e-16	 1.39798e-09	 4.41355e-10	 2.60840e-19	 2.81310e-23	 6.97205e-04	#_43        
   44	1	1	0	0	1	-1	-1	100	1.35144e-02	0.04212457	0.0723115	0.1642090	0.3688973	0.10432027	0.03197711	0.04673600	0.007205129	0.015284537	0.021791113	2.02398e-02	4.65177e-02	5.46869e-04	2.33155e-02	1.37491e-04	3.77452e-03	7.85108e-03	1.09654e-13	7.74077e-04	 1.03188e-06	 3.45774e-09	 3.44760e-05	 2.79664e-25	 1.25619e-08	 5.03498e-03	 2.42412e-03	 7.45573e-04	 8.74612e-21	 2.31816e-04	#_44        
   45	1	1	0	0	1	-1	-1	100	3.71629e-03	0.08314676	0.1434093	0.1053950	0.1051107	0.29307845	0.03708711	0.02013330	0.048598797	0.006816217	0.019100002	2.14143e-04	3.69823e-02	7.84730e-02	2.63189e-05	2.95994e-06	1.28022e-03	1.14856e-02	2.98157e-03	4.15525e-05	 2.71719e-10	 2.45383e-03	 5.95135e-20	 3.96860e-04	 6.48163e-05	 3.24811e-18	 1.54004e-11	 4.92035e-06	 9.17325e-11	 6.21671e-10	#_45        
   46	1	1	0	0	1	-1	-1	100	7.97307e-03	0.04324476	0.2810516	0.1119864	0.0765762	0.07815008	0.25662742	0.02114255	0.018851335	0.005031403	0.012528750	2.35859e-02	1.18953e-02	1.96009e-02	2.01351e-02	5.23331e-05	2.76893e-04	9.11977e-12	2.21846e-04	1.09095e-02	 2.27974e-26	 6.68047e-11	 9.08626e-07	 5.65838e-05	 6.87192e-13	 3.17631e-18	 1.15875e-05	 7.72930e-12	 6.84456e-05	 2.11043e-05	#_46        
   47	1	1	0	0	1	-1	-1	100	1.18876e-01	0.04384215	0.0292586	0.2963430	0.1142935	0.07050941	0.05694157	0.16223941	0.035152556	0.005242060	0.012663457	4.96711e-03	1.70716e-03	1.08772e-04	4.17545e-03	3.56259e-02	4.21786e-09	1.12596e-05	3.10923e-10	8.72276e-07	 3.94830e-03	 4.84858e-18	 2.83891e-32	 6.87408e-30	 1.29241e-42	 2.35031e-06	 3.55306e-57	 4.09124e-03	 1.61972e-37	 8.68281e-09	#_47        
   48	1	1	0	0	1	-1	-1	100	2.41568e-03	0.17699629	0.0133332	0.0645358	0.3294152	0.10906057	0.04124881	0.06569146	0.124295453	0.003692249	0.013766974	9.99316e-04	1.04791e-02	2.24657e-02	6.45263e-05	3.14805e-03	5.67721e-03	5.17590e-08	1.91832e-03	9.32130e-03	 9.46821e-14	 9.38067e-04	 2.41699e-05	 3.11060e-21	 4.95548e-18	 1.05507e-09	 3.00047e-22	 7.54436e-40	 5.12516e-04	 2.71393e-08	#_48        
   49	1	1	0	0	1	-1	-1	100	6.34948e-03	0.01588732	0.3813466	0.0722846	0.0645386	0.21759866	0.05974064	0.02631216	0.024925538	0.086756587	0.012844373	2.11670e-04	1.44480e-04	1.87970e-05	1.18021e-02	1.26128e-06	1.88522e-02	3.83353e-04	8.71400e-10	3.10732e-09	 1.72191e-14	 5.18723e-23	 1.20532e-07	 8.10787e-67	 1.81719e-39	 1.42755e-06	 2.89720e-42	 5.72234e-09	 2.71138e-25	 3.07514e-09	#_49        
   50	1	1	0	0	1	-1	-1	100	3.03253e-02	0.03292302	0.0401047	0.4845246	0.0533128	0.06969155	0.14026234	0.04316923	0.049620270	0.000398699	0.029745513	2.86346e-03	2.95157e-05	7.92404e-04	1.56891e-06	1.87804e-02	1.37462e-04	1.99725e-03	1.27189e-03	4.25348e-32	 5.58631e-06	 8.36156e-09	 4.43866e-13	 3.97152e-05	 8.49792e-52	2.17424e-121	 1.55629e-66	 4.58180e-20	 2.82359e-30	 2.71990e-06	#_50        
   51	1	1	0	0	1	-1	-1	100	5.82838e-04	0.03606956	0.0598975	0.0808285	0.4505114	0.02559587	0.06984479	0.14808422	0.014506436	0.018564061	0.012307281	4.30364e-02	3.25111e-03	6.64950e-03	1.91184e-04	6.70986e-03	4.27692e-03	9.86719e-07	1.17803e-03	1.73329e-02	 5.44903e-05	 2.79089e-20	 4.62454e-13	 4.71858e-04	 1.44438e-13	9.14313e-112	 1.18007e-09	 3.77622e-27	 2.03994e-49	 5.42434e-05	#_51        
   52	1	1	0	0	1	-1	-1	100	2.94902e-02	0.02230330	0.0228536	0.0781871	0.0873502	0.42512946	0.04183992	0.03193058	0.110799612	0.052658662	0.036857030	1.60616e-03	1.53943e-02	1.62976e-03	3.01282e-03	7.07267e-04	7.67575e-03	4.48630e-03	6.40216e-03	4.70088e-03	 1.28594e-02	 5.00426e-71	 2.28571e-44	 6.28218e-07	 5.43207e-21	 4.83819e-04	6.02340e-152	 2.26142e-68	 8.25955e-14	 1.64103e-03	#_52        
   53	1	1	0	0	1	-1	-1	100	6.88778e-02	0.05542720	0.0503677	0.0958447	0.1048602	0.15359586	0.24716479	0.00938831	0.007874424	0.087991637	0.022447771	5.08371e-03	2.76328e-02	5.57233e-02	1.20965e-03	4.30184e-05	8.03809e-04	1.17376e-05	3.80264e-07	2.33242e-06	 1.66272e-07	 5.64055e-03	 1.25699e-50	 1.13342e-11	 4.74957e-27	 7.37794e-08	 8.14832e-06	 4.02858e-41	 4.32992e-53	 7.42321e-14	#_53        
   54	1	1	0	0	1	-1	-1	100	7.26749e-02	0.10534807	0.1504281	0.0931911	0.0544446	0.06123424	0.03615144	0.25801912	0.037773992	0.023928698	0.036983804	2.72717e-02	7.09847e-03	6.22505e-04	1.07507e-02	1.97358e-02	5.63136e-11	2.12352e-14	3.55831e-05	7.75912e-07	 2.22310e-05	 4.17261e-03	 1.80198e-10	 1.35923e-39	 8.16436e-17	 6.35974e-85	 1.07614e-04	 7.01671e-31	 0.00000e+00	 3.81485e-06	#_54        
   55	1	1	0	0	1	-1	-1	100	3.01103e-02	0.24883677	0.2715042	0.1099586	0.0732958	0.03390173	0.03906887	0.04284828	0.092032095	0.003160105	0.014005535	2.48264e-02	2.87691e-04	3.09005e-05	4.59660e-03	1.64287e-03	8.51535e-09	9.57502e-03	8.80068e-09	1.05184e-09	 1.30760e-24	 2.52491e-23	 7.73463e-21	 3.18218e-04	 1.10167e-40	9.02939e-107	 2.62296e-75	 8.45697e-10	 8.51311e-22	 5.16038e-20	#_55        
   56	1	1	0	0	1	-1	-1	100	1.16954e-02	0.08629155	0.3578163	0.2083054	0.0645573	0.05898269	0.03491019	0.03313395	0.012047260	0.061765235	0.042968072	3.48740e-03	3.36851e-03	1.35473e-02	1.90628e-03	1.31819e-03	7.08397e-04	3.15551e-03	4.50402e-21	1.63438e-05	 2.18947e-07	 8.97447e-06	 9.55486e-06	 2.28924e-10	 8.44414e-29	 0.00000e+00	3.93853e-137	9.92427e-192	 1.97275e-56	 8.96786e-12	#_56        
   57	1	1	0	0	1	-1	-1	100	4.84067e-02	0.02627486	0.1769107	0.3947515	0.1815437	0.06772378	0.02716410	0.00233744	0.032953138	0.008675899	0.029820253	3.99993e-05	1.52551e-04	3.13539e-04	2.29338e-03	1.23706e-04	4.48151e-04	6.64139e-05	2.50975e-14	5.34902e-37	 1.84901e-07	 1.30221e-29	 1.87326e-13	1.63867e-160	 1.17535e-37	 1.79392e-09	 7.66641e-79	 1.41348e-36	 0.00000e+00	 7.18859e-09	#_57        
   58	1	1	0	0	1	-1	-1	100	3.54952e-03	0.03188972	0.0838865	0.2488031	0.3751723	0.12534477	0.05324355	0.04618212	0.001057565	0.002075687	0.002801807	1.95503e-02	1.07881e-03	2.53544e-03	3.56666e-05	1.21665e-03	1.20647e-05	1.35368e-24	1.56440e-03	6.32553e-18	 5.16654e-77	 4.85543e-16	 2.41887e-66	 3.09931e-42	 1.81677e-39	 4.72556e-53	 1.35559e-15	1.89378e-190	 2.78682e-62	 2.29732e-24	#_58        
   59	1	1	0	0	1	-1	-1	100	7.90665e-03	0.04751173	0.1894368	0.0912763	0.1882551	0.25266365	0.08804365	0.04907681	0.017887585	0.001842545	0.041792381	3.47952e-04	1.77953e-02	9.70685e-04	4.25082e-03	8.39072e-04	1.02682e-04	8.91250e-27	1.25559e-08	5.08038e-08	 4.69852e-08	 1.53982e-07	8.47677e-114	2.98896e-232	 1.50414e-64	3.38351e-272	 4.35065e-69	 3.26679e-74	 0.00000e+00	 2.64012e-28	#_59        
   60	1	1	0	0	1	-1	-1	100	6.19947e-02	0.01704776	0.0630294	0.1262460	0.1252131	0.25142999	0.19180673	0.07922951	0.055419491	0.000180729	0.007980313	6.17182e-03	1.86035e-04	2.57152e-03	3.09717e-10	7.78792e-03	3.70413e-03	7.58668e-07	3.45002e-08	2.03199e-11	 5.57777e-09	 1.16307e-09	 1.10438e-43	 1.08494e-65	 8.76769e-17	 6.97888e-88	 0.00000e+00	4.86831e-108	 2.39355e-59	 5.67141e-34	#_60        
   61	1	1	0	0	1	-1	-1	100	3.09510e-02	0.18014687	0.0855165	0.1357059	0.1114387	0.07672310	0.12522307	0.16699881	0.056346303	0.017304139	0.005228024	7.00497e-04	4.92769e-04	3.16103e-05	7.14067e-03	4.35719e-05	2.83054e-22	8.38112e-06	8.28287e-13	3.80602e-09	 9.20819e-15	 2.00378e-11	 6.33581e-14	 9.54990e-08	4.67002e-103	3.51958e-109	 2.26741e-16	 7.26953e-49	 2.23868e-43	 3.86962e-19	#_61        
   62	1	1	0	0	1	-1	-1	100	9.73943e-02	0.02350484	0.3583086	0.0538125	0.0676471	0.09109483	0.06694026	0.08044080	0.116534561	0.017650269	0.004906620	5.88835e-03	2.92315e-03	7.49264e-03	1.51500e-05	5.16926e-03	1.75845e-06	8.28136e-07	1.69715e-04	8.14763e-19	 2.06342e-21	 1.99596e-73	 4.81686e-15	1.97239e-108	 2.19818e-48	 0.00000e+00	 0.00000e+00	 6.18333e-41	 0.00000e+00	 1.04502e-04	#_62        
   63	1	1	0	0	1	-1	-1	100	6.24340e-03	0.27756191	0.0531469	0.3049720	0.1056418	0.06848096	0.03010945	0.04819321	0.035386139	0.046219608	0.010735843	6.11106e-03	2.10003e-04	4.96079e-03	2.70034e-25	3.63989e-10	1.37911e-03	1.95201e-13	1.59174e-31	2.32323e-12	 1.42283e-57	 3.63325e-20	 3.97846e-66	 1.02185e-24	4.00655e-125	 0.00000e+00	 0.00000e+00	 0.00000e+00	 1.92836e-36	 6.47808e-04	#_63        
   64	1	1	0	0	1	-1	-1	100	1.43169e-02	0.08135958	0.4482285	0.0472313	0.1892655	0.04671864	0.01008376	0.06357701	0.003398457	0.023141226	0.028936728	2.79098e-02	4.80400e-04	6.84859e-08	5.80406e-13	1.02612e-02	1.74497e-07	3.60639e-03	1.32770e-18	1.48436e-03	 6.55045e-17	 7.03244e-73	 2.82081e-15	1.00168e-105	2.94721e-146	9.51339e-230	 2.92735e-70	 0.00000e+00	5.27529e-177	 3.17339e-69	#_64        
   65	1	1	0	0	1	-1	-1	100	1.59551e-02	0.04817901	0.0724848	0.5519735	0.0559394	0.13909410	0.04900732	0.00583560	0.003118180	0.000972405	0.013796155	3.66122e-02	3.08353e-03	1.98532e-03	1.59939e-07	1.85168e-09	1.68086e-03	4.69595e-09	2.82312e-04	2.97911e-22	5.19968e-134	 2.80048e-22	 4.48670e-35	1.10704e-185	 1.05190e-17	 2.92264e-78	7.51536e-236	 0.00000e+00	9.68040e-183	3.72168e-303	#_65        
   66	1	1	0	0	1	-1	-1	100	1.05215e-02	0.03293238	0.0907806	0.0569227	0.4931781	0.04381735	0.21518785	0.00773163	0.005771959	0.019356421	0.000124776	4.45907e-03	1.36404e-02	1.26780e-03	1.28439e-10	4.10672e-03	5.86254e-10	5.46567e-20	2.75036e-05	1.83064e-09	 3.55112e-38	 3.46066e-12	 3.07079e-75	 3.34424e-76	 5.97483e-33	2.48198e-128	3.30070e-146	 0.00000e+00	5.96152e-289	 1.73247e-04	#_66        
   67	1	1	0	0	1	-1	-1	100	2.21563e-03	0.05218234	0.0978461	0.1052602	0.1210248	0.44047999	0.04288643	0.07003042	0.009087296	0.002590250	0.031166697	7.00080e-05	6.47432e-03	1.75742e-02	1.09587e-03	5.24191e-09	1.52151e-31	4.59419e-40	7.23443e-24	3.43435e-10	 1.54768e-05	 4.69655e-33	2.36363e-141	 2.66176e-20	 6.58462e-81	 4.72131e-65	 0.00000e+00	3.46671e-136	 0.00000e+00	1.75889e-293	#_67        
   68	1	1	0	0	1	-1	-1	100	2.27054e-02	0.02957124	0.1055259	0.1033777	0.1690304	0.07419143	0.37228000	0.02427994	0.042178436	0.011072068	0.003498832	2.26765e-03	9.42290e-07	3.92243e-02	5.83713e-04	1.95953e-05	2.20230e-05	4.72306e-90	3.35975e-31	3.23511e-47	 6.22186e-05	 1.08261e-04	2.26265e-113	5.92031e-252	 9.12148e-41	 3.12302e-51	 0.00000e+00	 0.00000e+00	2.88743e-122	5.81371e-155	#_68        
   69	1	1	0	0	1	-1	-1	100	5.78153e-02	0.03060531	0.0651466	0.1847119	0.0470016	0.16661650	0.05498206	0.21315898	0.073259412	0.042032462	0.002061685	1.25510e-03	1.48669e-02	3.02120e-06	1.07699e-02	1.05902e-05	1.81231e-03	3.38896e-02	6.57531e-39	6.36106e-17	 1.96586e-72	 1.38832e-89	 1.60934e-10	4.95260e-204	1.66139e-138	 1.61713e-07	 6.59356e-07	 0.00000e+00	 0.00000e+00	6.64490e-214	#_69        
   70	1	1	0	0	1	-1	-1	100	2.45183e-02	0.11623769	0.1923190	0.0282273	0.2166380	0.09660428	0.05231409	0.06748012	0.150240472	0.031754698	0.017509183	6.17694e-05	1.85022e-04	2.06610e-03	5.39918e-05	2.54019e-03	1.24947e-03	3.03930e-07	7.74655e-14	1.23896e-65	1.27098e-105	 5.12840e-16	 1.35950e-30	 3.91153e-33	1.24371e-283	1.23845e-130	 1.93709e-08	1.28178e-187	 0.00000e+00	 0.00000e+00	#_70        
   71	1	1	0	0	1	-1	-1	100	7.39081e-03	0.11347748	0.2390309	0.1702767	0.0427380	0.06108593	0.05026314	0.06017684	0.014448923	0.129357008	0.039605945	4.93019e-02	4.98016e-06	3.27019e-08	9.76539e-03	2.16919e-15	5.45285e-09	1.30756e-02	3.09372e-07	3.24201e-91	 4.70982e-15	 4.35279e-16	 1.09242e-18	 7.96238e-42	 2.28363e-13	 1.07198e-36	 0.00000e+00	 0.00000e+00	 0.00000e+00	3.85282e-137	#_71        
   72	1	1	0	0	1	-1	-1	100	2.51955e-02	0.02266881	0.1867306	0.3402640	0.1359115	0.02960259	0.06659873	0.01865595	0.037950987	0.010796381	0.057054408	3.65550e-03	3.35908e-02	4.83596e-07	1.25166e-06	3.11287e-04	1.89650e-11	3.10073e-02	3.49822e-06	3.66774e-07	 3.89571e-25	 1.32285e-28	2.83231e-202	7.93373e-127	 0.00000e+00	 1.39150e-09	 0.00000e+00	 0.00000e+00	9.83794e-291	 0.00000e+00	#_72        
   73	1	1	0	0	1	-1	-1	100	8.36952e-03	0.04736925	0.1027447	0.1852891	0.2818632	0.12032984	0.02782792	0.02066816	0.019834540	0.027036384	0.037052211	8.29565e-02	1.66011e-04	3.61617e-03	3.44695e-02	2.82892e-04	9.48422e-05	1.13683e-11	2.92196e-05	2.09806e-08	 1.08199e-24	 5.81143e-45	 8.82112e-41	1.43107e-136	4.92287e-183	 1.03877e-22	 6.73375e-79	2.22841e-287	1.20327e-226	 5.74294e-96	#_73        
   74	1	1	0	0	1	-1	-1	100	6.62976e-02	0.05804173	0.0754175	0.1014730	0.2242152	0.17626254	0.13758516	0.02022633	0.022269913	0.006324046	0.058352757	5.70404e-03	3.55448e-02	3.11113e-06	6.19088e-03	4.23523e-03	6.35448e-06	1.84975e-03	5.31114e-14	4.09899e-35	 2.57642e-16	 7.38000e-13	 3.57637e-48	 3.36079e-84	 0.00000e+00	6.02612e-143	 0.00000e+00	 2.59501e-63	5.93120e-109	 6.65223e-82	#_74        
   75	1	1	0	0	1	-1	-1	100	9.93647e-04	0.29299780	0.1065985	0.1059470	0.0794626	0.11384388	0.12147398	0.07558081	0.019036202	0.034924068	0.011447486	1.98951e-02	1.12106e-02	5.70272e-03	2.34190e-07	1.82830e-04	4.36042e-04	2.66459e-04	7.83552e-09	1.33259e-39	 3.67709e-16	 2.16826e-10	 4.18556e-26	1.19317e-218	 6.63458e-12	 0.00000e+00	5.11208e-264	 0.00000e+00	 0.00000e+00	 8.26559e-22	#_75        
   76	1	1	0	0	1	-1	-1	100	2.19888e-02	0.00626360	0.4605181	0.0728272	0.1042725	0.02690985	0.09279207	0.07541750	0.047827850	0.009736396	0.045958760	1.43245e-02	3.08506e-03	1.96694e-04	1.52792e-02	1.07799e-09	9.98079e-04	1.29288e-03	3.11095e-04	2.82533e-14	 6.49610e-17	 1.37337e-38	 2.79239e-20	 2.86723e-46	 2.25855e-58	 0.00000e+00	 0.00000e+00	 1.57769e-56	 0.00000e+00	 0.00000e+00	#_76        
   77	1	1	0	0	1	-1	-1	100	1.30562e-01	0.07917915	0.0267313	0.4223664	0.0582019	0.03679323	0.04138809	0.11192002	0.028252314	0.001861139	0.038263061	1.03169e-02	3.16864e-03	3.60169e-03	9.52240e-04	6.42431e-03	1.16614e-08	1.73551e-05	2.36969e-13	2.27936e-49	 7.65865e-23	 4.56558e-07	 6.93154e-11	 8.74189e-19	 6.02255e-29	3.82085e-259	 0.00000e+00	 0.00000e+00	1.40474e-306	1.10715e-139	#_77        
   78	1	1	0	0	1	-1	-1	100	7.87652e-03	0.32496092	0.0554062	0.0338156	0.2957284	0.12680881	0.01693385	0.03612330	0.019180060	0.031999392	0.026918378	2.17909e-03	8.98363e-03	1.49895e-03	3.70708e-04	9.40734e-05	1.02537e-02	5.30721e-14	8.68316e-04	4.33333e-46	 4.37264e-38	 7.42590e-11	 2.90356e-21	 6.66390e-29	 1.56108e-40	 5.59269e-37	 6.05561e-45	 0.00000e+00	 0.00000e+00	 0.00000e+00	#_78        
   79	1	1	0	0	1	-1	-1	100	2.32034e-02	0.03611302	0.4156448	0.0879728	0.0430773	0.25012386	0.02052047	0.01576633	0.020537611	0.014238107	0.020074089	4.67356e-02	2.32102e-03	7.15701e-05	2.65877e-03	8.05952e-06	1.18617e-04	8.14408e-04	2.34544e-10	1.67666e-16	 5.60005e-76	1.45628e-118	 9.15146e-10	 1.78389e-11	1.03756e-186	 6.17289e-69	 3.19961e-49	 0.00000e+00	 0.00000e+00	 0.00000e+00	#_79        
   80	1	1	0	0	1	-1	-1	100	7.87385e-03	0.02574423	0.0472132	0.3625110	0.1111652	0.05162671	0.21203262	0.03605948	0.065568880	0.002966062	0.014470382	5.83274e-02	1.71655e-04	6.39327e-04	1.95243e-04	1.56172e-03	1.85143e-03	4.95050e-07	2.10357e-05	1.61604e-38	 7.92881e-08	 1.76582e-88	 5.09619e-12	 5.99876e-66	 7.33728e-84	1.34469e-131	 0.00000e+00	1.51384e-279	 0.00000e+00	 2.64636e-10	#_80        
   81	1	1	0	0	1	-1	-1	100	8.70497e-03	0.03003682	0.0508202	0.1091283	0.4586125	0.06442108	0.01774377	0.16188316	0.013974102	0.017282066	0.023988419	2.68420e-02	1.11569e-02	4.94172e-03	2.68589e-04	1.55926e-04	1.66903e-15	1.57641e-05	1.15855e-09	2.37751e-05	 7.57717e-42	 1.46863e-14	 3.44593e-87	 5.51288e-60	 3.79543e-75	1.53692e-123	3.01096e-157	 0.00000e+00	2.43531e-214	 0.00000e+00	#_81        
   82	1	1	0	0	1	-1	-1	100	1.40962e-02	0.07544898	0.0531800	0.0487482	0.1219787	0.39761968	0.04036127	0.01156839	0.156500335	0.019843395	0.025583838	3.64584e-03	5.99013e-03	1.23769e-02	2.08072e-03	1.08739e-02	1.35750e-07	2.60728e-20	3.93094e-05	4.98384e-27	 6.41035e-05	 4.20565e-79	 1.69859e-11	4.19222e-242	2.90019e-130	 1.77770e-12	 5.53014e-62	5.70375e-275	3.86118e-153	 0.00000e+00	#_82        
   83	1	1	0	0	1	-1	-1	100	4.73915e-03	0.03729346	0.2283750	0.0533362	0.0644220	0.09326908	0.34468897	0.03427421	0.002204610	0.082199181	0.009941175	1.44970e-03	3.89313e-03	3.97032e-03	3.43841e-02	1.03525e-03	6.76004e-05	3.22212e-19	3.38852e-06	3.69823e-06	 1.57337e-26	 3.30797e-07	 3.35308e-18	 4.49478e-04	8.80499e-171	 1.65104e-62	1.08259e-183	1.19287e-319	4.48765e-150	4.96638e-120	#_83        
   84	1	1	0	0	1	-1	-1	100	2.76545e-02	0.02033627	0.0785813	0.2218131	0.0878729	0.02347174	0.11502304	0.23654251	0.047770452	0.019602571	0.071147748	3.71354e-03	5.32021e-04	4.51062e-05	3.05319e-02	1.43421e-02	6.69521e-04	1.14310e-09	5.61522e-08	1.00357e-30	 2.59340e-07	 1.55005e-10	 3.49332e-04	 1.86551e-84	 1.27788e-56	 0.00000e+00	 0.00000e+00	4.73183e-136	3.36850e-134	 5.61624e-36	#_84        
   85	1	1	0	0	1	-1	-1	100	4.09493e-02	0.11201931	0.0527078	0.0943623	0.2447223	0.05840333	0.00994443	0.11008894	0.183791459	0.027088179	0.005229347	3.61588e-02	2.70769e-03	6.87165e-03	3.89397e-03	1.09554e-03	7.43231e-03	1.12892e-04	6.82413e-10	4.85178e-36	 6.66097e-08	 9.77553e-07	 5.32970e-15	 9.36855e-12	 3.47603e-58	 2.41939e-03	 4.22078e-39	 0.00000e+00	 0.00000e+00	6.34266e-101	#_85        
   86	1	1	0	0	1	-1	-1	100	1.10249e-01	0.05874799	0.1078246	0.0819045	0.0927751	0.18056035	0.02606146	0.00972607	0.028692461	0.204871679	0.013944666	1.00647e-02	5.23595e-02	1.85670e-06	1.42001e-03	8.66174e-07	9.37745e-05	9.42221e-04	3.72803e-04	1.21778e-32	 2.67086e-19	 1.25223e-37	 1.93867e-02	 2.65985e-39	 4.19942e-10	3.54629e-112	 3.22652e-18	4.24674e-215	 2.51264e-71	 8.77882e-86	#_86        
   87	1	1	0	0	1	-1	-1	100	7.51518e-03	0.18843217	0.1522843	0.1443878	0.0653384	0.11214845	0.07632731	0.02415627	0.025162800	0.011467361	0.099908998	2.72170e-02	1.42326e-02	2.62359e-02	1.73823e-06	1.59789e-06	2.27621e-07	1.18409e-04	2.23870e-02	2.67209e-03	 4.50243e-06	 1.96274e-08	 8.76322e-45	 2.48363e-12	 6.80928e-40	 2.10287e-17	 4.07069e-17	1.23196e-154	3.55689e-300	 1.45688e-13	#_87        
   88	1	1	0	0	1	-1	-1	100	2.28515e-02	0.03549519	0.2869272	0.2059994	0.1354905	0.06715803	0.02947865	0.04186918	0.012809016	0.015172645	0.028026781	7.14422e-02	1.45809e-02	1.21163e-03	1.05595e-02	1.35867e-03	1.45456e-07	3.98129e-03	1.48697e-05	8.80018e-03	 6.77258e-03	 1.01977e-29	 4.74000e-47	 4.43767e-84	 3.16883e-64	 2.05764e-14	 2.46807e-10	 7.85559e-58	2.67150e-141	9.75823e-248	#_88        
   89	1	1	0	0	1	-1	-1	100	6.14517e-03	0.09859551	0.0364068	0.3614607	0.1405788	0.08776028	0.07278048	0.02008836	0.032150092	0.018333524	0.000608061	7.89471e-02	3.44199e-02	2.30936e-03	2.91973e-03	3.98375e-03	4.22335e-04	9.14952e-04	8.73606e-13	2.14146e-04	 9.46139e-04	 1.49143e-05	 4.16966e-57	 2.03053e-38	 1.05535e-42	 1.43273e-70	1.90531e-187	 8.61562e-40	 0.00000e+00	 0.00000e+00	#_89        
   90	1	1	0	0	1	-1	-1	100	8.05727e-04	0.04891394	0.2326400	0.0741184	0.2697049	0.09345558	0.04172141	0.06576663	0.019755953	0.071385118	0.006268784	2.08826e-02	5.83787e-03	3.07425e-02	3.40951e-04	5.96410e-04	7.67611e-03	1.13439e-03	1.00146e-08	4.62191e-26	 1.39330e-07	 6.30937e-09	 7.95683e-03	7.88280e-153	4.36472e-171	 2.63654e-14	1.32429e-105	 3.37053e-49	 1.39008e-66	 2.95682e-04	#_90        
   91	1	1	0	0	1	-1	-1	100	4.60250e-04	0.05806656	0.1760033	0.1689635	0.0896329	0.26572664	0.06253302	0.04071921	0.063460135	0.025819564	0.032553766	4.30591e-04	2.71405e-03	2.46015e-04	7.86116e-03	8.61422e-04	2.21737e-09	2.28908e-03	1.35055e-05	1.12638e-08	 2.89716e-06	 2.47839e-06	 1.64000e-03	 4.46566e-92	1.83927e-128	9.24613e-119	 2.75643e-38	 2.75543e-66	 0.00000e+00	 3.72484e-39	#_91        
   92	1	1	0	0	1	-1	-1	100	3.33234e-03	0.00890142	0.0538987	0.1509878	0.2218437	0.11948369	0.25565086	0.03355521	0.020083471	0.057367814	0.012502550	4.25960e-02	1.71381e-03	3.61748e-04	4.77527e-03	7.11582e-03	1.21633e-05	2.02713e-03	6.09105e-05	3.37179e-03	 1.25332e-23	 1.37983e-10	 3.14228e-19	 3.57794e-04	 1.45396e-74	 2.05443e-39	 3.15344e-09	 4.27426e-14	 4.08349e-90	 5.75424e-38	#_92        
   93	1	1	0	0	1	-1	-1	100	5.40802e-02	0.05278662	0.0159675	0.0920242	0.1755770	0.21849916	0.04998093	0.19687049	0.047684718	0.017496467	0.017873858	1.50220e-02	2.86260e-02	3.05233e-03	1.23971e-08	1.50279e-06	7.44591e-03	9.20523e-04	1.40964e-03	8.71569e-04	 3.14924e-04	 1.56997e-06	 3.49107e-03	 1.77664e-06	 1.15015e-11	 1.07401e-35	 3.24267e-52	 1.11825e-09	2.97181e-271	 3.45735e-26	#_93        
   94	1	1	0	0	1	-1	-1	100	4.28609e-02	0.05120238	0.0702379	0.0630471	0.1152919	0.12020800	0.17238325	0.05212822	0.202417839	0.046470726	0.014513246	1.50696e-02	4.56892e-03	2.12164e-02	7.69227e-04	1.05142e-07	6.15974e-04	6.76787e-04	1.80203e-05	2.89768e-04	 3.53743e-03	 2.45960e-03	 2.95322e-15	 1.70218e-47	 1.65045e-05	 4.25135e-21	3.89218e-112	2.00736e-173	 7.18152e-64	 8.86070e-13	#_94        
   95	1	1	0	0	1	-1	-1	100	1.23739e-01	0.03534660	0.1451889	0.0283964	0.0359002	0.11593081	0.09951235	0.16345097	0.018576184	0.149117049	0.018045585	2.40588e-02	5.63857e-03	1.69412e-02	4.34210e-03	9.51768e-03	1.37647e-22	2.37304e-03	2.88757e-03	4.54046e-05	 9.83494e-04	 8.37168e-06	 6.29198e-13	 4.47357e-21	 1.30593e-27	 4.86099e-34	 1.42306e-28	 2.14642e-08	 1.05311e-19	 2.59673e-43	#_95        
   96	1	1	0	0	1	-1	-1	100	9.62519e-02	0.08180147	0.1031081	0.1241505	0.1125926	0.00989045	0.06225482	0.11630804	0.147422847	0.034701455	0.058402307	1.21380e-02	4.47223e-03	2.26012e-02	5.27937e-05	1.31682e-02	5.95211e-06	2.92559e-05	1.36027e-04	3.96495e-04	 9.86485e-12	 7.88155e-26	 1.14120e-04	 2.50341e-29	 2.92653e-18	 4.54290e-13	 7.08909e-07	 4.61382e-07	 4.71536e-83	 2.13714e-36	#_96        
   97	1	1	0	0	1	-1	-1	100	5.04889e-02	0.27300009	0.2198732	0.1170991	0.0728245	0.07116355	0.02178439	0.01674769	0.048917369	0.040124173	0.010671386	4.03475e-02	2.12563e-04	1.12226e-02	2.35966e-03	3.09738e-04	1.40521e-05	2.89290e-05	1.01469e-29	9.19747e-06	 2.79663e-03	 1.41261e-09	 4.79352e-25	 1.40956e-08	 5.58710e-33	 1.11223e-39	 1.35950e-62	 1.63947e-06	 3.07575e-06	 2.85045e-14	#_97        
   98	1	1	0	0	1	-1	-1	100	6.12027e-03	0.07902591	0.3067982	0.3182468	0.0485244	0.03630151	0.03660088	0.00443387	0.020013956	0.050913410	0.006432295	2.06484e-02	2.91927e-02	2.46592e-03	3.31571e-08	1.21248e-06	2.63280e-04	8.20483e-03	1.53829e-02	7.77406e-03	 8.78662e-04	 1.77637e-03	 8.30127e-11	 3.03260e-40	 9.33202e-16	 6.17553e-30	4.13096e-149	 2.14792e-81	9.26531e-104	 7.24557e-42	#_98        
   99	1	1	0	0	1	-1	-1	100	2.68794e-03	0.01883879	0.1445950	0.4784333	0.1348745	0.04825768	0.02207673	0.03443193	0.010450845	0.014432456	0.022953724	2.01486e-02	1.35473e-02	3.09589e-02	8.12365e-04	2.81386e-06	1.77614e-05	9.58811e-06	1.04331e-03	1.73483e-04	 1.26176e-80	 1.09911e-07	 1.25283e-03	 7.63342e-24	 8.18900e-14	 1.20502e-32	 8.12450e-09	3.12932e-222	2.75983e-311	 6.00048e-41	#_99        
  100	1	1	0	0	1	-1	-1	100	2.43841e-03	0.02008952	0.0333527	0.2191295	0.4192199	0.19404551	0.01643268	0.01871753	0.020202788	0.001168831	0.015392358	2.75723e-03	1.56775e-02	1.16735e-03	1.14464e-03	6.70303e-03	1.19898e-04	1.05213e-10	1.21277e-12	5.37718e-05	 1.06324e-02	 7.11376e-21	 2.54314e-05	 1.24692e-03	 1.64941e-15	 8.42973e-07	 2.81361e-04	 2.09968e-50	3.79787e-106	 1.55741e-32	#_100       
-9999	0	0	0	0	0	 0	 0	  0	0.00000e+00	0.00000000	0.0000000	0.0000000	0.0000000	0.00000000	0.00000000	0.00000000	0.000000000	0.000000000	0.000000000	0.00000e+00	0.00000e+00	0.00000e+00	0.00000e+00	0.00000e+00	0.00000e+00	0.00000e+00	0.00000e+00	0.00000e+00	 0.00000e+00	 0.00000e+00	 0.00000e+00	 0.00000e+00	 0.00000e+00	 0.00000e+00	 0.00000e+00	 0.00000e+00	 0.00000e+00	 0.00000e+00	#_terminator
#
#_MeanSize_at_Age_obs
0 #_use_MeanSize_at_Age_obs
0 #_N_environ_variables
0 #_N_sizefreq_methods
0 #_do_tags
0 #_morphcomp_data
0 #_use_selectivity_priors
#
999
