ParName   Value   Gradient
SR_parm[1]      10.0429    0.0148755
recdev_early(-28)   0.00083198  3.03306e-06
recdev_early(-27)  0.000981396  3.39654e-06
recdev_early(-26)   0.00115739  3.76484e-06
recdev_early(-25)    0.0013646  4.12049e-06
recdev_early(-24)   0.00160843  4.44124e-06
recdev_early(-23)   0.00189518  4.69763e-06
recdev_early(-22)   0.00223216  4.85396e-06
recdev_early(-21)   0.00262786  4.87113e-06
recdev_early(-20)   0.00309204  4.71043e-06
recdev_early(-19)   0.00363592  4.34296e-06
recdev_early(-18)   0.00427231   3.7625e-06
recdev_early(-17)   0.00501574  3.00336e-06
recdev_early(-16)   0.00588252  2.16147e-06
recdev_early(-15)   0.00689074  1.41218e-06
recdev_early(-14)   0.00817808  1.00706e-06
recdev_early(-13)   0.00968989  1.44949e-06
recdev_early(-12)    0.0114588  3.14947e-06
recdev_early(-11)    0.0135193  6.29263e-06
recdev_early(-10)    0.0159064  1.05636e-05
recdev_early(-9)    0.0186529   1.4931e-05
recdev_early(-8)    0.0217861  1.77448e-05
recdev_early(-7)    0.0253239  1.73876e-05
recdev_early(-6)    0.0292693   1.3407e-05
recdev_early(-5)    0.0336086  7.43252e-06
recdev_early(-4)    0.0383311  2.75848e-06
recdev_early(-3)     0.043741  2.25639e-06
recdev_early(-2)    0.0487578  5.25372e-06
recdev_early(-1)    0.0547314  7.89598e-06
recdev_early(0)    0.0614265  3.72428e-06
recdev1(1)    0.0875554 -0.000120523
recdev1(2)    0.0958703 -0.000116494
recdev1(3)     0.105556 -0.000109552
recdev1(4)     0.115832 -0.000100894
recdev1(5)     0.128065 -9.29421e-05
recdev1(6)     0.141079 -9.14406e-05
recdev1(7)     0.155856 -9.64699e-05
recdev1(8)      0.17119 -0.000102721
recdev1(9)     0.187658 -0.000101799
recdev1(10)     0.205257 -8.41369e-05
recdev1(11)     0.223515 -8.11368e-05
recdev1(12)     0.242765 -5.48562e-05
recdev1(13)      0.26519 -7.51869e-05
recdev1(14)     0.291871 -5.91556e-05
recdev1(15)     0.319455 -4.57981e-05
recdev1(16)     0.334031 -2.05399e-05
recdev1(17)     0.302098 -3.52428e-05
recdev1(18)      0.20862  -2.2262e-05
recdev1(19)     0.114364 -2.36292e-05
recdev1(20)      0.12435 -6.48436e-06
recdev1(21)     0.180341  8.46208e-06
recdev1(22)   -0.0422024 -1.12021e-05
recdev1(23)    -0.413802 -4.17028e-05
recdev1(24)    -0.503292 -3.69549e-05
recdev1(25)    -0.947591 -6.31373e-05
recdev1(26)      1.62057  0.000647245
recdev1(27)    0.0761721  5.73223e-05
recdev1(28)    -0.840748 -4.67032e-05
recdev1(29)    -0.867811 -4.04314e-05
recdev1(30)    -0.573229 -1.64514e-05
recdev1(31)      1.60557  0.000915351
recdev1(32)      1.11223  0.000567234
recdev1(33)    -0.176738  9.27957e-05
recdev1(34)    0.0151906  0.000124982
recdev1(35)   -0.0634933  0.000137029
recdev1(36)    -0.563223  2.42072e-05
recdev1(37)    -0.187361  0.000119918
recdev1(38)    -0.312091  8.88066e-05
recdev1(39)      1.13309  0.000792378
recdev1(40)    -0.296176   0.00010225
recdev1(41)     0.238888  0.000252808
recdev1(42)     0.187529    0.0002177
recdev1(43)     0.823811  0.000509096
recdev1(44)     -1.15568 -4.00736e-05
recdev1(45)    -0.434676  5.25593e-05
recdev1(46)      1.29103  0.000842497
recdev1(47)    -0.168516  9.78341e-05
recdev1(48)    -0.795052 -1.10456e-05
recdev1(49)      -1.0411 -4.05669e-05
recdev1(50)    -0.927581 -4.09559e-05
recdev1(51)    -0.380552  7.25961e-06
recdev1(52)     0.421897  0.000149227
recdev1(53)     0.842197  0.000240453
recdev1(54)     0.203801  4.74639e-05
recdev1(55)     0.140173  1.23714e-05
recdev1(56)   -0.0717441 -3.23957e-05
recdev1(57)    -0.988529 -9.07951e-05
recdev1(58)    -0.733564 -9.09681e-05
recdev1(59)     0.721241 -5.68406e-07
recdev1(60)    -0.573032 -9.38979e-05
recdev1(61)      1.58436   0.00010785
recdev1(62)    -0.352053 -9.46567e-05
recdev1(63)    0.0166443 -7.99704e-05
recdev1(64)    -0.442575 -0.000102621
recdev1(65)    -0.505378 -0.000104733
recdev1(66)     -1.36894 -0.000115152
recdev1(67)   -0.0738197 -0.000101323
recdev1(68)     0.354387 -9.69607e-05
recdev1(69)     0.273476 -0.000102038
recdev1(70)      -1.0827 -0.000116711
recdev1(71)    -0.299427 -0.000113918
recdev1(72)     -0.74152 -0.000120002
recdev1(73)      1.12421 -9.73121e-05
recdev1(74)    -0.538153 -0.000119242
recdev1(75)    -0.552981 -0.000117179
recdev1(76)      1.52781 -8.62172e-05
recdev1(77)    -0.168816 -0.000116025
recdev1(78)      -1.2549 -0.000121679
recdev1(79)       -1.127 -0.000120274
recdev1(80)      0.44561 -0.000123431
recdev1(81)    -0.228395 -0.000126359
recdev1(82)    -0.582551 -0.000125441
recdev1(83)    -0.388503 -0.000127076
recdev1(84) -0.000136491 -0.000128024
recdev1(85)      1.04129 -0.000129622
recdev1(86)    -0.427948 -0.000127845
recdev1(87)      1.02548 -0.000127799
recdev1(88)      0.17564 -0.000129765
recdev1(89)     0.093385 -0.000126657
recdev1(90)     -1.26792 -0.000120816
recdev1(91)     -0.67371  -0.00012665
recdev1(92)    -0.488344 -0.000130779
recdev1(93)    0.0344206  -0.00012847
recdev1(94)     0.998195 -0.000133939
recdev1(95)      1.76428 -0.000128516
recdev1(96)     0.741327   -0.0001277
recdev1(97)   -0.0108655 -0.000122242
Fcast_recruitments(98)    -0.632447  1.28167e-06
Fcast_recruitments(99)   -0.0976518  1.61506e-06
Fcast_recruitments(100)    -0.204828 -3.17785e-06
Fcast_recruitments(101)            0            0
Fcast_recruitments(102)            0            0
Fcast_recruitments(103)            0            0
Fcast_recruitments(104)            0            0
Fcast_recruitments(105)            0            0
Fcast_recruitments(106)            0            0
Fcast_recruitments(107)            0            0
Fcast_recruitments(108)            0            0
Fcast_recruitments(109)            0            0
Fcast_recruitments(110)            0            0
selparm[1]      41.7141    0.0012449
selparm[3]      5.08819  -0.00287617
