ParName   Value   Gradient
recdev_early(-28)     0.293205  3.02447e-07
recdev_early(-27)     0.321995   2.7975e-06
recdev_early(-26)      0.35414  1.06774e-07
recdev_early(-25)     0.390138  1.65489e-06
recdev_early(-24)     0.430578  7.94781e-08
recdev_early(-23)     0.476175   2.4167e-06
recdev_early(-22)     0.527795  1.35629e-06
recdev_early(-21)     0.586512   1.2668e-06
recdev_early(-20)     0.653668  1.26287e-06
recdev_early(-19)     0.730965  1.72456e-06
recdev_early(-18)     0.820543  1.85508e-06
recdev_early(-17)     0.924327  1.99793e-06
recdev_early(-16)     0.944547  2.68642e-06
recdev_early(-15)     0.818455  2.20223e-06
recdev_early(-14)     0.722306  2.12807e-06
recdev_early(-13)     0.593766  1.52051e-06
recdev_early(-12)     0.453015   2.4057e-06
recdev_early(-11)     0.305885  3.14605e-06
recdev_early(-10)     0.154874  1.42155e-06
recdev_early(-9)    0.0022185  1.14041e-06
recdev_early(-8)    -0.148539  8.65103e-07
recdev_early(-7)    -0.290416  6.13165e-07
recdev_early(-6)    -0.407101  4.19135e-07
recdev_early(-5)    -0.453696  2.06702e-07
recdev_early(-4)    -0.297467   6.4262e-08
recdev_early(-3)       0.8158 -3.71749e-07
recdev_early(-2)     0.411878  -3.0181e-07
recdev_early(-1)    -0.388163 -1.14917e-07
recdev_early(0)      1.25453 -3.06536e-07
recdev1(1)     0.610718 -3.17357e-06
recdev1(2)    -0.198087 -3.08864e-06
recdev1(3)     0.654338 -2.22331e-06
recdev1(4)     0.670046 -1.89211e-06
recdev1(5)     0.614598 -1.63444e-06
recdev1(6)     0.515287 -1.53564e-06
recdev1(7)     0.395085  -1.4812e-06
recdev1(8)   -0.0801975 -2.09911e-06
recdev1(9)    -0.269949 -2.22137e-06
recdev1(10)    -0.363677 -2.21161e-06
recdev1(11)     -0.51208 -2.36218e-06
recdev1(12)    -0.298135 -1.91521e-06
recdev1(13)    -0.757788 -2.39688e-06
recdev1(14)      1.69017  9.33141e-06
recdev1(15)     0.888865  3.10313e-06
recdev1(16)    -0.646004 -1.88235e-06
recdev1(17)     -0.42703 -1.38621e-06
recdev1(18)    -0.342473 -9.95421e-07
recdev1(19)     0.558425  2.84697e-06
recdev1(20)   -0.0553363  1.95662e-07
recdev1(21)     0.150261  1.24582e-06
recdev1(22)   -0.0481716  5.94709e-07
recdev1(23)   -0.0430468  8.44665e-07
recdev1(24)      1.04329  9.49948e-06
recdev1(25)   -0.0970986  1.06716e-06
recdev1(26)      1.12572  1.22044e-05
recdev1(27)    -0.718934 -8.44023e-07
recdev1(28)     0.354346  4.51952e-06
recdev1(29)     0.104924  2.85649e-06
recdev1(30)     0.143015  3.34212e-06
recdev1(31)     0.248131  4.20348e-06
recdev1(32)    -0.372323  7.01583e-07
recdev1(33)    -0.345338   8.4897e-07
recdev1(34)    -0.799882 -6.25599e-07
recdev1(35)    -0.816279 -5.80197e-07
recdev1(36)     0.183109  4.32221e-06
recdev1(37)     0.331612  5.82485e-06
recdev1(38)    0.0214503  3.57787e-06
recdev1(39)     0.700986  1.00991e-05
recdev1(40)      1.60894  2.84002e-05
recdev1(41)    -0.528395  3.37136e-07
recdev1(42)     -1.14562 -1.36317e-06
recdev1(43)     0.704254  9.53031e-06
recdev1(44)    -0.498665  3.26708e-07
recdev1(45)    -0.555805  3.80642e-07
recdev1(46)     0.776514  1.02886e-05
recdev1(47)    -0.286426  1.11062e-06
recdev1(48)    -0.863144 -7.02173e-07
recdev1(49)    0.0720412  2.39954e-06
recdev1(50)    -0.125615  1.13738e-06
recdev1(51)   -0.0290275  1.26766e-06
recdev1(52)     0.260687  2.61163e-06
recdev1(53)    -0.299934   -2.585e-07
recdev1(54)     0.462908  2.66941e-06
recdev1(55)    -0.191516 -4.65832e-07
recdev1(56)      0.21844  5.26594e-07
recdev1(57)     0.838751  2.99168e-06
recdev1(58)     0.294442  1.13567e-07
recdev1(59)    -0.271587 -1.61656e-06
recdev1(60)     0.866937  1.41322e-06
recdev1(61)     0.748948  4.62852e-07
recdev1(62)     0.393411 -1.02978e-06
recdev1(63)     0.119194  -1.7802e-06
recdev1(64)    -0.474162 -2.60735e-06
recdev1(65)       1.0122 -1.63325e-07
recdev1(66)    -0.439055 -2.73452e-06
recdev1(67)      1.68689  1.93876e-06
recdev1(68)      1.16175 -1.94624e-07
recdev1(69)     -0.27541 -2.70328e-06
recdev1(70)     -0.80262 -2.98413e-06
recdev1(71)    -0.622163 -3.02014e-06
recdev1(72)      0.11174 -2.89837e-06
recdev1(73)    -0.249358 -3.17799e-06
recdev1(74)    -0.386994 -3.38023e-06
recdev1(75)    -0.766879 -3.36554e-06
recdev1(76)    -0.146775 -3.81367e-06
recdev1(77)     -0.73936 -3.58248e-06
recdev1(78)     -1.24945 -3.72792e-06
recdev1(79)    -0.425266 -3.55591e-06
recdev1(80)     0.629178 -4.39568e-06
recdev1(81)    -0.468328 -3.70499e-06
recdev1(82)     0.328297 -4.02946e-06
recdev1(83)     -1.08706 -3.69041e-06
recdev1(84)    -0.202672  -3.7536e-06
recdev1(85)     0.313215   -4.377e-06
recdev1(86)     0.129435 -4.10145e-06
recdev1(87)   -0.0448786 -4.09959e-06
recdev1(88)    -0.614145  -3.6511e-06
recdev1(89)    -0.817077 -3.72612e-06
recdev1(90)    -0.876704  -3.7186e-06
recdev1(91)   -0.0849494 -4.21876e-06
recdev1(92)    -0.817319 -3.74447e-06
recdev1(93)    -0.561316 -3.80946e-06
recdev1(94)    -0.326324 -3.83733e-06
recdev1(95)      1.30937 -5.23831e-06
recdev1(96)    -0.586089 -3.47109e-06
Fcast_recruitments(97)    0.0146947 -2.31652e-07
Fcast_recruitments(98)   -0.0966411 -6.90226e-07
Fcast_recruitments(99)    -0.521344  4.40304e-07
Fcast_recruitments(100)    -0.151131 -2.75184e-08
Fcast_recruitments(101)            0            0
