ParName   Value   Gradient
SR_parm[1]      9.86887  0.000294011
recdev_early(-28)   -0.0389266 -1.22957e-05
recdev_early(-27)   -0.0424031 -1.33146e-06
recdev_early(-26)   -0.0461688  4.43485e-06
recdev_early(-25)   -0.0502438  5.62689e-06
recdev_early(-24)   -0.0546477  4.09653e-06
recdev_early(-23)   -0.0594012  1.98241e-06
recdev_early(-22)   -0.0645227  6.49755e-07
recdev_early(-21)   -0.0700327  1.21566e-07
recdev_early(-20)   -0.0759484 -5.25441e-07
recdev_early(-19)   -0.0822884 -1.94854e-06
recdev_early(-18)   -0.0890684  -3.4381e-06
recdev_early(-17)   -0.0962996 -3.12514e-06
recdev_early(-16)    -0.103989  1.91437e-07
recdev_early(-15)    -0.112141  5.05312e-06
recdev_early(-14)    -0.120751  7.60624e-06
recdev_early(-13)    -0.129807  4.93123e-06
recdev_early(-12)    -0.139287  -1.3785e-06
recdev_early(-11)    -0.149157 -5.84077e-06
recdev_early(-10)    -0.159367 -4.54163e-06
recdev_early(-9)    -0.169849  2.79477e-07
recdev_early(-8)    -0.180518  2.64267e-06
recdev_early(-7)    -0.191264  4.88118e-08
recdev_early(-6)    -0.201955 -3.57994e-06
recdev_early(-5)    -0.212444 -3.14965e-06
recdev_early(-4)     -0.22258  1.27572e-06
recdev_early(-3)    -0.232223  5.08508e-06
recdev_early(-2)    -0.241203  4.94442e-06
recdev_early(-1)    -0.249258  2.23669e-06
recdev_early(0)    -0.255993  4.31737e-07
recdev1(1)    -0.309181 -4.39343e-06
recdev1(2)    -0.311276 -4.36091e-06
recdev1(3)    -0.310181 -4.17766e-06
recdev1(4)    -0.304885 -3.20681e-06
recdev1(5)    -0.294087  6.31958e-07
recdev1(6)    -0.276102  3.00023e-06
recdev1(7)    -0.248737 -3.50545e-06
recdev1(8)    -0.209088  2.63102e-06
recdev1(9)    -0.153288 -1.47376e-06
recdev1(10)   -0.0761367   5.5292e-06
recdev1(11)    0.0293103  1.01895e-06
recdev1(12)      0.17198  1.31811e-06
recdev1(13)     0.360811  4.12126e-07
recdev1(14)     0.579525   2.3922e-06
recdev1(15)     0.596907  3.36401e-06
recdev1(16)     0.325416  2.38561e-06
recdev1(17)    0.0474908 -3.08292e-07
recdev1(18)    -0.157766  1.05409e-06
recdev1(19)    -0.287201 -9.13968e-07
recdev1(20)    -0.370607 -1.13214e-07
recdev1(21)    -0.456602  2.15883e-06
recdev1(22)    -0.410045  2.35458e-07
recdev1(23)      0.42742  2.76629e-06
recdev1(24)     0.766402  4.27485e-06
recdev1(25)     0.673831   5.0283e-06
recdev1(26)     0.668422  5.31611e-06
recdev1(27)    -0.144412 -2.50186e-06
recdev1(28)       0.5158  4.06361e-06
recdev1(29)     0.445279  7.99931e-06
recdev1(30)    -0.281815 -4.98477e-06
recdev1(31)     0.241392  1.56919e-06
recdev1(32)   -0.0827663  6.61464e-06
recdev1(33)    -0.753769 -7.38817e-06
recdev1(34)     -1.01758 -1.71079e-07
recdev1(35)    -0.976642  4.50001e-06
recdev1(36)    0.0720944 -6.58531e-07
recdev1(37)     0.534983  7.15942e-06
recdev1(38)       0.1002 -1.25018e-06
recdev1(39)     0.369983  8.90596e-06
recdev1(40)      1.75413  1.97032e-05
recdev1(41)    -0.537755  7.55522e-06
recdev1(42)    -0.500933 -4.05399e-06
recdev1(43)     0.217574  6.82102e-06
recdev1(44)     0.081216 -3.17681e-06
recdev1(45)    -0.136337  3.75056e-06
recdev1(46)     0.577182  3.57917e-06
recdev1(47)    0.0762634  3.81637e-07
recdev1(48)    -0.600475  6.06554e-07
recdev1(49)     0.055619  2.51215e-06
recdev1(50)    0.0924927 -1.81036e-06
recdev1(51)      -0.3205  4.17228e-06
recdev1(52)     0.243042 -7.74682e-07
recdev1(53)      0.37197  1.99834e-06
recdev1(54)   -0.0305215  4.28916e-06
recdev1(55)     0.162697 -5.99088e-06
recdev1(56)     0.272552  4.91694e-06
recdev1(57)     0.918409 -8.48621e-07
recdev1(58)     0.165853  8.68263e-07
recdev1(59)    -0.751017  9.09777e-07
recdev1(60)     0.584451 -1.43403e-06
recdev1(61)      1.28299  2.17818e-07
recdev1(62)   -0.0191549  2.34915e-06
recdev1(63)    -0.272811 -6.72052e-06
recdev1(64)    -0.167182 -4.74681e-07
recdev1(65)      1.14572  9.14005e-07
recdev1(66)    -0.767006 -2.37307e-05
recdev1(67)      1.73594  1.60603e-06
recdev1(68)      1.38151 -3.13229e-06
recdev1(69)    -0.331382  1.64283e-06
recdev1(70)    -0.171853  3.57535e-06
recdev1(71)    -0.558998 -1.48833e-05
recdev1(72)   0.00762415   3.2296e-06
recdev1(73)     -0.52483 -5.30222e-06
recdev1(74)    -0.527028 -1.80962e-07
recdev1(75)    -0.325206 -2.60205e-06
recdev1(76)     0.281111 -1.98997e-06
recdev1(77)    -0.907518  -6.0212e-06
recdev1(78)    -0.989018  4.11934e-06
recdev1(79)    -0.849648   -6.912e-06
recdev1(80)     0.708995 -1.68649e-06
recdev1(81)     0.212227  -2.8629e-06
recdev1(82)   -0.0556407 -1.31985e-06
recdev1(83)    -0.925862  3.14523e-07
recdev1(84)    -0.837275 -7.43406e-06
recdev1(85)      1.02622 -9.26384e-07
recdev1(86)     0.279903 -4.55988e-06
recdev1(87)    -0.207455 -1.73636e-07
recdev1(88)    -0.421665 -2.63361e-06
recdev1(89)    -0.515674 -2.19642e-06
recdev1(90)    -0.725627 -3.73558e-07
recdev1(91)   -0.0256579 -2.23652e-06
recdev1(92)    -0.646805 -1.58533e-06
recdev1(93)    -0.653449 -1.58272e-06
recdev1(94)    -0.584634  -2.8476e-06
recdev1(95)      1.65452 -2.02316e-06
recdev1(96)     0.103625 -2.82174e-06
Fcast_recruitments(97)     0.059168  2.74006e-06
Fcast_recruitments(98)    0.0840395  7.28053e-08
Fcast_recruitments(99)      0.25757 -1.30958e-06
Fcast_recruitments(100)   -0.0775444 -3.64902e-07
Fcast_recruitments(101)            0            0
selparm[1]       43.821  3.90559e-05
selparm[3]      5.18123 -7.72288e-05
