ParName   Value   Gradient
SR_parm[1]      10.0629 -0.000313051
recdev_early(11) -0.000208235 -2.25021e-06
recdev_early(12) -0.000219937 -2.34241e-06
recdev_early(13) -0.000232002 -2.41295e-06
recdev_early(14) -0.000244416 -2.56228e-06
recdev_early(15) -0.000257147 -2.69451e-06
recdev_early(16) -0.000270173 -2.85049e-06
recdev_early(17) -0.000283457 -2.97774e-06
recdev_early(18) -0.000296967 -3.11285e-06
recdev_early(19)  -0.00031065 -3.22665e-06
recdev_early(20) -0.000324459 -3.39545e-06
recdev_early(21) -0.000338326 -3.57265e-06
recdev_early(22) -0.000352182 -3.74359e-06
recdev_early(23) -0.000365948 -3.84079e-06
recdev_early(24) -0.000379562 -4.04962e-06
recdev_early(25) -0.000392916 -4.06473e-06
recdev_early(26) -0.000405967 -4.28727e-06
recdev_early(27) -0.000418627 -4.42208e-06
recdev_early(28) -0.000430579 -4.53137e-06
recdev_early(29) -0.000441785  -4.7024e-06
recdev_early(30) -0.000452233 -4.79649e-06
recdev_early(31) -0.000461984 -4.88587e-06
recdev_early(32) -0.000471145 -4.90831e-06
recdev_early(33) -0.000479896 -5.01521e-06
recdev_early(34) -0.000488428 -5.06526e-06
recdev_early(35) -0.000496936 -5.03791e-06
recdev_early(36) -0.000505556 -5.05604e-06
recdev_early(37) -0.000514237 -5.10401e-06
recdev_early(38) -0.000522616 -5.13049e-06
recdev_early(39) -0.000529869 -5.18921e-06
recdev1(40)  -0.00450402 -3.34182e-06
recdev1(41)  -0.00450381 -3.27987e-06
recdev1(42)  -0.00449566 -3.29714e-06
recdev1(43)  -0.00447572  -3.0847e-06
recdev1(44)  -0.00443982 -2.88013e-06
recdev1(45)  -0.00438418 -2.78695e-06
recdev1(46)  -0.00430653  -2.6793e-06
recdev1(47)  -0.00420762 -2.48378e-06
recdev1(48)  -0.00409289 -2.31447e-06
recdev1(49)  -0.00397398 -2.07314e-06
recdev1(50)  -0.00386976 -1.91351e-06
recdev1(51)  -0.00380611 -1.70528e-06
recdev1(52)  -0.00381364 -1.49008e-06
recdev1(53)  -0.00392218 -1.35715e-06
recdev1(54)   -0.0041523 -1.13065e-06
recdev1(55)  -0.00450536 -8.71855e-07
recdev1(56)  -0.00495452 -7.62675e-07
recdev1(57)  -0.00544372 -4.53621e-07
recdev1(58)   -0.0058848 -2.88431e-07
recdev1(59)   -0.0061636 -1.64603e-07
recdev1(60)  -0.00615397  7.81264e-08
recdev1(61)  -0.00574196  1.78489e-07
recdev1(62)  -0.00486035  2.28358e-07
recdev1(63)  -0.00352638  4.21099e-07
recdev1(64)  -0.00185328  4.57177e-07
recdev1(65) -6.72655e-05  5.33816e-07
recdev1(66)   0.00151166  7.09009e-07
recdev1(67)   0.00251436   7.5021e-07
recdev1(68)   0.00258338  8.53297e-07
recdev1(69)   0.00143803  9.13785e-07
recdev1(70)  -0.00106717  9.37523e-07
recdev1(71)  -0.00489697   1.0319e-06
recdev1(72)  -0.00980039  1.07235e-06
recdev1(73)   -0.0152826  1.08154e-06
recdev1(74)   -0.0205954  1.15381e-06
recdev1(75)   -0.0247766  1.17035e-06
recdev1(76)   -0.0267654  1.21509e-06
recdev1(77)   -0.0255607  1.25205e-06
recdev1(78)   -0.0203058  1.25884e-06
recdev1(79)   -0.0101663  1.26913e-06
recdev1(80)   0.00596158  1.24331e-06
recdev1(81)    0.0294868  1.25146e-06
recdev1(82)    0.0601711  1.25328e-06
recdev1(83)    0.0923692  1.17628e-06
recdev1(84)     0.109771  1.18797e-06
recdev1(85)    0.0888418  1.19989e-06
recdev1(86)    0.0228494  1.32595e-06
recdev1(87)   -0.0620072  1.38415e-06
recdev1(88)    -0.130034  1.47988e-06
recdev1(89)    -0.164566  1.56538e-06
recdev1(90)    -0.170144  1.66162e-06
recdev1(91)     -0.13644  1.72347e-06
recdev1(92)   0.00336765  1.78725e-06
recdev1(93)     0.278708  1.86854e-06
recdev1(94)     0.234938   1.8114e-06
Fcast_recruitments(95)    -0.227426  6.91716e-08
Fcast_recruitments(96)    -0.268928  4.83842e-08
Fcast_recruitments(97)    0.0347234  2.65427e-08
Fcast_recruitments(98)     0.649301  9.13834e-09
Fcast_recruitments(99)    -0.181689  4.36488e-09
Fcast_recruitments(100)    -0.203376  7.89843e-09
Fcast_recruitments(101)            0            0
Fcast_recruitments(102)            0            0
Fcast_recruitments(103)            0            0
Fcast_recruitments(104)            0            0
Fcast_recruitments(105)            0            0
Fcast_recruitments(106)            0            0
Fcast_recruitments(107)            0            0
Fcast_recruitments(108)            0            0
Fcast_recruitments(109)            0            0
Fcast_recruitments(110)            0            0
selparm[1]       65.886 -2.18788e-05
selparm[3]      6.01863  9.14574e-05
