#V3.30
#C data file created using the SS_writedat function in the R package r4ss
#C should work with SS version: 
#C file write time: 2020-04-16 12:44:40
#
1 #_styr
100 #_endyr
1 #_nseas
12 #_months_per_seas
2 #_Nsubseasons
1 #_spawn_month
1 #_Ngenders
30 #_Nages
1 #_N_areas
2 #_Nfleets
#_fleetinfo
#_type	surveytiming	area	units	need_catch_mult	fleetname
1	-1	1	1	0	Fishery	#_1
3	 1	1	2	0	Survey 	#_2
#_Catch data
#_year	season	fleet	catch	catch_se
    1	1	1	1	0.005	#_1         
    2	1	1	1	0.010	#_2         
    3	1	1	1	0.010	#_3         
    4	1	1	1	0.010	#_4         
    5	1	1	1	0.010	#_5         
    6	1	1	1	0.010	#_6         
    7	1	1	1	0.010	#_7         
    8	1	1	1	0.010	#_8         
    9	1	1	1	0.010	#_9         
   10	1	1	1	0.010	#_10        
   11	1	1	1	0.010	#_11        
   12	1	1	1	0.010	#_12        
   13	1	1	1	0.010	#_13        
   14	1	1	1	0.010	#_14        
   15	1	1	1	0.010	#_15        
   16	1	1	1	0.010	#_16        
   17	1	1	1	0.010	#_17        
   18	1	1	1	0.010	#_18        
   19	1	1	1	0.010	#_19        
   20	1	1	1	0.010	#_20        
   21	1	1	1	0.010	#_21        
   22	1	1	1	0.010	#_22        
   23	1	1	1	0.010	#_23        
   24	1	1	1	0.010	#_24        
   25	1	1	1	0.010	#_25        
   26	1	1	1	0.010	#_26        
   27	1	1	1	0.010	#_27        
   28	1	1	1	0.010	#_28        
   29	1	1	1	0.010	#_29        
   30	1	1	1	0.010	#_30        
   31	1	1	1	0.010	#_31        
   32	1	1	1	0.010	#_32        
   33	1	1	1	0.010	#_33        
   34	1	1	1	0.010	#_34        
   35	1	1	1	0.010	#_35        
   36	1	1	1	0.010	#_36        
   37	1	1	1	0.010	#_37        
   38	1	1	1	0.010	#_38        
   39	1	1	1	0.010	#_39        
   40	1	1	1	0.010	#_40        
   41	1	1	1	0.010	#_41        
   42	1	1	1	0.010	#_42        
   43	1	1	1	0.010	#_43        
   44	1	1	1	0.010	#_44        
   45	1	1	1	0.010	#_45        
   46	1	1	1	0.010	#_46        
   47	1	1	1	0.010	#_47        
   48	1	1	1	0.010	#_48        
   49	1	1	1	0.010	#_49        
   50	1	1	1	0.010	#_50        
   51	1	1	1	0.010	#_51        
   52	1	1	1	0.010	#_52        
   53	1	1	1	0.010	#_53        
   54	1	1	1	0.010	#_54        
   55	1	1	1	0.010	#_55        
   56	1	1	1	0.010	#_56        
   57	1	1	1	0.010	#_57        
   58	1	1	1	0.010	#_58        
   59	1	1	1	0.010	#_59        
   60	1	1	1	0.010	#_60        
   61	1	1	1	0.010	#_61        
   62	1	1	1	0.010	#_62        
   63	1	1	1	0.010	#_63        
   64	1	1	1	0.010	#_64        
   65	1	1	1	0.010	#_65        
   66	1	1	1	0.010	#_66        
   67	1	1	1	0.010	#_67        
   68	1	1	1	0.010	#_68        
   69	1	1	1	0.010	#_69        
   70	1	1	1	0.010	#_70        
   71	1	1	1	0.010	#_71        
   72	1	1	1	0.010	#_72        
   73	1	1	1	0.010	#_73        
   74	1	1	1	0.010	#_74        
   75	1	1	1	0.010	#_75        
   76	1	1	1	0.010	#_76        
   77	1	1	1	0.010	#_77        
   78	1	1	1	0.010	#_78        
   79	1	1	1	0.010	#_79        
   80	1	1	1	0.010	#_80        
   81	1	1	1	0.010	#_81        
   82	1	1	1	0.010	#_82        
   83	1	1	1	0.010	#_83        
   84	1	1	1	0.010	#_84        
   85	1	1	1	0.010	#_85        
   86	1	1	1	0.010	#_86        
   87	1	1	1	0.010	#_87        
   88	1	1	1	0.010	#_88        
   89	1	1	1	0.010	#_89        
   90	1	1	1	0.010	#_90        
   91	1	1	1	0.010	#_91        
   92	1	1	1	0.010	#_92        
   93	1	1	1	0.010	#_93        
   94	1	1	1	0.010	#_94        
   95	1	1	1	0.010	#_95        
   96	1	1	1	0.010	#_96        
   97	1	1	1	0.010	#_97        
   98	1	1	1	0.010	#_98        
   99	1	1	1	0.010	#_99        
  100	1	1	1	0.010	#_100       
-9999	0	0	0	0.000	#_terminator
#_CPUE_and_surveyabundance_observations
#_Units:  0=numbers; 1=biomass; 2=F; >=30 for special types
#_Errtype:  -1=normal; 0=lognormal; >0=T
#_SD_Report: 0=no sdreport; 1=enable sdreport
#_Fleet	Units	Errtype	SD_Report
1	1	0	0	#_Fishery
2	1	0	0	#_Survey 
#
#_CPUE_data
#_year	seas	index	obs	se_log
    1	7	1	1	0.2	#_1         
    2	7	1	1	0.2	#_2         
    3	7	1	1	0.2	#_3         
    4	7	1	1	0.2	#_4         
    5	7	1	1	0.2	#_5         
    6	7	1	1	0.2	#_6         
    7	7	1	1	0.2	#_7         
    8	7	1	1	0.2	#_8         
    9	7	1	1	0.2	#_9         
   10	7	1	1	0.2	#_10        
   11	7	1	1	0.2	#_11        
   12	7	1	1	0.2	#_12        
   13	7	1	1	0.2	#_13        
   14	7	1	1	0.2	#_14        
   15	7	1	1	0.2	#_15        
   16	7	1	1	0.2	#_16        
   17	7	1	1	0.2	#_17        
   18	7	1	1	0.2	#_18        
   19	7	1	1	0.2	#_19        
   20	7	1	1	0.2	#_20        
   21	7	1	1	0.2	#_21        
   22	7	1	1	0.2	#_22        
   23	7	1	1	0.2	#_23        
   24	7	1	1	0.2	#_24        
   25	7	1	1	0.2	#_25        
   26	7	1	1	0.2	#_26        
   27	7	1	1	0.2	#_27        
   28	7	1	1	0.2	#_28        
   29	7	1	1	0.2	#_29        
   30	7	1	1	0.2	#_30        
   31	7	1	1	0.2	#_31        
   32	7	1	1	0.2	#_32        
   33	7	1	1	0.2	#_33        
   34	7	1	1	0.2	#_34        
   35	7	1	1	0.2	#_35        
   36	7	1	1	0.2	#_36        
   37	7	1	1	0.2	#_37        
   38	7	1	1	0.2	#_38        
   39	7	1	1	0.2	#_39        
   40	7	1	1	0.2	#_40        
   41	7	1	1	0.2	#_41        
   42	7	1	1	0.2	#_42        
   43	7	1	1	0.2	#_43        
   44	7	1	1	0.2	#_44        
   45	7	1	1	0.2	#_45        
   46	7	1	1	0.2	#_46        
   47	7	1	1	0.2	#_47        
   48	7	1	1	0.2	#_48        
   49	7	1	1	0.2	#_49        
   50	7	1	1	0.2	#_50        
   51	7	1	1	0.2	#_51        
   52	7	1	1	0.2	#_52        
   53	7	1	1	0.2	#_53        
   54	7	1	1	0.2	#_54        
   55	7	1	1	0.2	#_55        
   56	7	1	1	0.2	#_56        
   57	7	1	1	0.2	#_57        
   58	7	1	1	0.2	#_58        
   59	7	1	1	0.2	#_59        
   60	7	1	1	0.2	#_60        
   61	7	1	1	0.2	#_61        
   62	7	1	1	0.2	#_62        
   63	7	1	1	0.2	#_63        
   64	7	1	1	0.2	#_64        
   65	7	1	1	0.2	#_65        
   66	7	1	1	0.2	#_66        
   67	7	1	1	0.2	#_67        
   68	7	1	1	0.2	#_68        
   69	7	1	1	0.2	#_69        
   70	7	1	1	0.2	#_70        
   71	7	1	1	0.2	#_71        
   72	7	1	1	0.2	#_72        
   73	7	1	1	0.2	#_73        
   74	7	1	1	0.2	#_74        
   75	7	1	1	0.2	#_75        
   76	7	1	1	0.2	#_76        
   77	7	1	1	0.2	#_77        
   78	7	1	1	0.2	#_78        
   79	7	1	1	0.2	#_79        
   80	7	1	1	0.2	#_80        
   81	7	1	1	0.2	#_81        
   82	7	1	1	0.2	#_82        
   83	7	1	1	0.2	#_83        
   84	7	1	1	0.2	#_84        
   85	7	1	1	0.2	#_85        
   86	7	1	1	0.2	#_86        
   87	7	1	1	0.2	#_87        
   88	7	1	1	0.2	#_88        
   89	7	1	1	0.2	#_89        
   90	7	1	1	0.2	#_90        
   91	7	1	1	0.2	#_91        
   92	7	1	1	0.2	#_92        
   93	7	1	1	0.2	#_93        
   94	7	1	1	0.2	#_94        
   95	7	1	1	0.2	#_95        
   96	7	1	1	0.2	#_96        
   97	7	1	1	0.2	#_97        
   98	7	1	1	0.2	#_98        
   99	7	1	1	0.2	#_99        
  100	7	1	1	0.2	#_100       
    1	7	2	1	0.2	#_101       
    2	7	2	1	0.2	#_102       
    3	7	2	1	0.2	#_103       
    4	7	2	1	0.2	#_104       
    5	7	2	1	0.2	#_105       
    6	7	2	1	0.2	#_106       
    7	7	2	1	0.2	#_107       
    8	7	2	1	0.2	#_108       
    9	7	2	1	0.2	#_109       
   10	7	2	1	0.2	#_110       
   11	7	2	1	0.2	#_111       
   12	7	2	1	0.2	#_112       
   13	7	2	1	0.2	#_113       
   14	7	2	1	0.2	#_114       
   15	7	2	1	0.2	#_115       
   16	7	2	1	0.2	#_116       
   17	7	2	1	0.2	#_117       
   18	7	2	1	0.2	#_118       
   19	7	2	1	0.2	#_119       
   20	7	2	1	0.2	#_120       
   21	7	2	1	0.2	#_121       
   22	7	2	1	0.2	#_122       
   23	7	2	1	0.2	#_123       
   24	7	2	1	0.2	#_124       
   25	7	2	1	0.2	#_125       
   26	7	2	1	0.2	#_126       
   27	7	2	1	0.2	#_127       
   28	7	2	1	0.2	#_128       
   29	7	2	1	0.2	#_129       
   30	7	2	1	0.2	#_130       
   31	7	2	1	0.2	#_131       
   32	7	2	1	0.2	#_132       
   33	7	2	1	0.2	#_133       
   34	7	2	1	0.2	#_134       
   35	7	2	1	0.2	#_135       
   36	7	2	1	0.2	#_136       
   37	7	2	1	0.2	#_137       
   38	7	2	1	0.2	#_138       
   39	7	2	1	0.2	#_139       
   40	7	2	1	0.2	#_140       
   41	7	2	1	0.2	#_141       
   42	7	2	1	0.2	#_142       
   43	7	2	1	0.2	#_143       
   44	7	2	1	0.2	#_144       
   45	7	2	1	0.2	#_145       
   46	7	2	1	0.2	#_146       
   47	7	2	1	0.2	#_147       
   48	7	2	1	0.2	#_148       
   49	7	2	1	0.2	#_149       
   50	7	2	1	0.2	#_150       
   51	7	2	1	0.2	#_151       
   52	7	2	1	0.2	#_152       
   53	7	2	1	0.2	#_153       
   54	7	2	1	0.2	#_154       
   55	7	2	1	0.2	#_155       
   56	7	2	1	0.2	#_156       
   57	7	2	1	0.2	#_157       
   58	7	2	1	0.2	#_158       
   59	7	2	1	0.2	#_159       
   60	7	2	1	0.2	#_160       
   61	7	2	1	0.2	#_161       
   62	7	2	1	0.2	#_162       
   63	7	2	1	0.2	#_163       
   64	7	2	1	0.2	#_164       
   65	7	2	1	0.2	#_165       
   66	7	2	1	0.2	#_166       
   67	7	2	1	0.2	#_167       
   68	7	2	1	0.2	#_168       
   69	7	2	1	0.2	#_169       
   70	7	2	1	0.2	#_170       
   71	7	2	1	0.2	#_171       
   72	7	2	1	0.2	#_172       
   73	7	2	1	0.2	#_173       
   74	7	2	1	0.2	#_174       
   75	7	2	1	0.2	#_175       
   76	7	2	1	0.2	#_176       
   77	7	2	1	0.2	#_177       
   78	7	2	1	0.2	#_178       
   79	7	2	1	0.2	#_179       
   80	7	2	1	0.2	#_180       
   81	7	2	1	0.2	#_181       
   82	7	2	1	0.2	#_182       
   83	7	2	1	0.2	#_183       
   84	7	2	1	0.2	#_184       
   85	7	2	1	0.2	#_185       
   86	7	2	1	0.2	#_186       
   87	7	2	1	0.2	#_187       
   88	7	2	1	0.2	#_188       
   89	7	2	1	0.2	#_189       
   90	7	2	1	0.2	#_190       
   91	7	2	1	0.2	#_191       
   92	7	2	1	0.2	#_192       
   93	7	2	1	0.2	#_193       
   94	7	2	1	0.2	#_194       
   95	7	2	1	0.2	#_195       
   96	7	2	1	0.2	#_196       
   97	7	2	1	0.2	#_197       
   98	7	2	1	0.2	#_198       
   99	7	2	1	0.2	#_199       
  100	7	2	1	0.2	#_200       
-9999	0	0	0	0.0	#_terminator
0 #_N_discard_fleets
#_discard_units (1=same_as_catchunits(bio/num); 2=fraction; 3=numbers)
#_discard_errtype:  >0 for DF of T-dist(read CV below); 0 for normal with CV; -1 for normal with se; -2 for lognormal
#
#_discard_fleet_info
#
#_discard_data
#
#_meanbodywt
0 #_use_meanbodywt
 #_DF_for_meanbodywt_T-distribution_like
#
#_population_length_bins
2 # length bin method: 1=use databins; 2=generate from binwidth,min,max below; 3=read vector
1 # binwidth for population size comp
10 # minimum size in the population (lower edge of first bin and size at age 0.00)
72 # maximum size in the population (lower edge of last bin)
1 #_use_lencomp
#
#_len_info
#_mintailcomp	addtocomp	combine_M_F	CompressBins	CompError	ParmSelect	minsamplesize
-1	1e-10	0	0	0	0	1	#_Fishery
-1	1e-10	0	0	0	0	1	#_Survey 
32 #_N_lbins
#_lbin_vector
10 12 14 16 18 20 22 24 26 28 30 32 34 36 38 40 42 44 46 48 50 52 54 56 58 60 62 64 66 68 70 72 #_lbin_vector
#
#_lencomp
#_Yr	Seas	Flt	Gender	Part	Nsamp	l10	l12	l14	l16	l18	l20	l22	l24	l26	l28	l30	l32	l34	l36	l38	l40	l42	l44	l46	l48	l50	l52	l54	l56	l58	l60	l62	l64	l66	l68	l70	l72
    1	1	1	0	0	10	1	1	1	1	1	1	1	1	1	1	1	1	1	1	1	1	1	1	1	1	1	1	1	1	1	1	1	1	1	1	1	1	#_1         
    2	1	1	0	0	10	1	1	1	1	1	1	1	1	1	1	1	1	1	1	1	1	1	1	1	1	1	1	1	1	1	1	1	1	1	1	1	1	#_2         
    3	1	1	0	0	10	1	1	1	1	1	1	1	1	1	1	1	1	1	1	1	1	1	1	1	1	1	1	1	1	1	1	1	1	1	1	1	1	#_3         
    4	1	1	0	0	10	1	1	1	1	1	1	1	1	1	1	1	1	1	1	1	1	1	1	1	1	1	1	1	1	1	1	1	1	1	1	1	1	#_4         
    5	1	1	0	0	10	1	1	1	1	1	1	1	1	1	1	1	1	1	1	1	1	1	1	1	1	1	1	1	1	1	1	1	1	1	1	1	1	#_5         
    6	1	1	0	0	10	1	1	1	1	1	1	1	1	1	1	1	1	1	1	1	1	1	1	1	1	1	1	1	1	1	1	1	1	1	1	1	1	#_6         
    7	1	1	0	0	10	1	1	1	1	1	1	1	1	1	1	1	1	1	1	1	1	1	1	1	1	1	1	1	1	1	1	1	1	1	1	1	1	#_7         
    8	1	1	0	0	10	1	1	1	1	1	1	1	1	1	1	1	1	1	1	1	1	1	1	1	1	1	1	1	1	1	1	1	1	1	1	1	1	#_8         
    9	1	1	0	0	10	1	1	1	1	1	1	1	1	1	1	1	1	1	1	1	1	1	1	1	1	1	1	1	1	1	1	1	1	1	1	1	1	#_9         
   10	1	1	0	0	10	1	1	1	1	1	1	1	1	1	1	1	1	1	1	1	1	1	1	1	1	1	1	1	1	1	1	1	1	1	1	1	1	#_10        
   11	1	1	0	0	10	1	1	1	1	1	1	1	1	1	1	1	1	1	1	1	1	1	1	1	1	1	1	1	1	1	1	1	1	1	1	1	1	#_11        
   12	1	1	0	0	10	1	1	1	1	1	1	1	1	1	1	1	1	1	1	1	1	1	1	1	1	1	1	1	1	1	1	1	1	1	1	1	1	#_12        
   13	1	1	0	0	10	1	1	1	1	1	1	1	1	1	1	1	1	1	1	1	1	1	1	1	1	1	1	1	1	1	1	1	1	1	1	1	1	#_13        
   14	1	1	0	0	10	1	1	1	1	1	1	1	1	1	1	1	1	1	1	1	1	1	1	1	1	1	1	1	1	1	1	1	1	1	1	1	1	#_14        
   15	1	1	0	0	10	1	1	1	1	1	1	1	1	1	1	1	1	1	1	1	1	1	1	1	1	1	1	1	1	1	1	1	1	1	1	1	1	#_15        
   16	1	1	0	0	10	1	1	1	1	1	1	1	1	1	1	1	1	1	1	1	1	1	1	1	1	1	1	1	1	1	1	1	1	1	1	1	1	#_16        
   17	1	1	0	0	10	1	1	1	1	1	1	1	1	1	1	1	1	1	1	1	1	1	1	1	1	1	1	1	1	1	1	1	1	1	1	1	1	#_17        
   18	1	1	0	0	10	1	1	1	1	1	1	1	1	1	1	1	1	1	1	1	1	1	1	1	1	1	1	1	1	1	1	1	1	1	1	1	1	#_18        
   19	1	1	0	0	10	1	1	1	1	1	1	1	1	1	1	1	1	1	1	1	1	1	1	1	1	1	1	1	1	1	1	1	1	1	1	1	1	#_19        
   20	1	1	0	0	10	1	1	1	1	1	1	1	1	1	1	1	1	1	1	1	1	1	1	1	1	1	1	1	1	1	1	1	1	1	1	1	1	#_20        
   21	1	1	0	0	10	1	1	1	1	1	1	1	1	1	1	1	1	1	1	1	1	1	1	1	1	1	1	1	1	1	1	1	1	1	1	1	1	#_21        
   22	1	1	0	0	10	1	1	1	1	1	1	1	1	1	1	1	1	1	1	1	1	1	1	1	1	1	1	1	1	1	1	1	1	1	1	1	1	#_22        
   23	1	1	0	0	10	1	1	1	1	1	1	1	1	1	1	1	1	1	1	1	1	1	1	1	1	1	1	1	1	1	1	1	1	1	1	1	1	#_23        
   24	1	1	0	0	10	1	1	1	1	1	1	1	1	1	1	1	1	1	1	1	1	1	1	1	1	1	1	1	1	1	1	1	1	1	1	1	1	#_24        
   25	1	1	0	0	10	1	1	1	1	1	1	1	1	1	1	1	1	1	1	1	1	1	1	1	1	1	1	1	1	1	1	1	1	1	1	1	1	#_25        
   26	1	1	0	0	10	1	1	1	1	1	1	1	1	1	1	1	1	1	1	1	1	1	1	1	1	1	1	1	1	1	1	1	1	1	1	1	1	#_26        
   27	1	1	0	0	10	1	1	1	1	1	1	1	1	1	1	1	1	1	1	1	1	1	1	1	1	1	1	1	1	1	1	1	1	1	1	1	1	#_27        
   28	1	1	0	0	10	1	1	1	1	1	1	1	1	1	1	1	1	1	1	1	1	1	1	1	1	1	1	1	1	1	1	1	1	1	1	1	1	#_28        
   29	1	1	0	0	10	1	1	1	1	1	1	1	1	1	1	1	1	1	1	1	1	1	1	1	1	1	1	1	1	1	1	1	1	1	1	1	1	#_29        
   30	1	1	0	0	10	1	1	1	1	1	1	1	1	1	1	1	1	1	1	1	1	1	1	1	1	1	1	1	1	1	1	1	1	1	1	1	1	#_30        
   31	1	1	0	0	10	1	1	1	1	1	1	1	1	1	1	1	1	1	1	1	1	1	1	1	1	1	1	1	1	1	1	1	1	1	1	1	1	#_31        
   32	1	1	0	0	10	1	1	1	1	1	1	1	1	1	1	1	1	1	1	1	1	1	1	1	1	1	1	1	1	1	1	1	1	1	1	1	1	#_32        
   33	1	1	0	0	10	1	1	1	1	1	1	1	1	1	1	1	1	1	1	1	1	1	1	1	1	1	1	1	1	1	1	1	1	1	1	1	1	#_33        
   34	1	1	0	0	10	1	1	1	1	1	1	1	1	1	1	1	1	1	1	1	1	1	1	1	1	1	1	1	1	1	1	1	1	1	1	1	1	#_34        
   35	1	1	0	0	10	1	1	1	1	1	1	1	1	1	1	1	1	1	1	1	1	1	1	1	1	1	1	1	1	1	1	1	1	1	1	1	1	#_35        
   36	1	1	0	0	10	1	1	1	1	1	1	1	1	1	1	1	1	1	1	1	1	1	1	1	1	1	1	1	1	1	1	1	1	1	1	1	1	#_36        
   37	1	1	0	0	10	1	1	1	1	1	1	1	1	1	1	1	1	1	1	1	1	1	1	1	1	1	1	1	1	1	1	1	1	1	1	1	1	#_37        
   38	1	1	0	0	10	1	1	1	1	1	1	1	1	1	1	1	1	1	1	1	1	1	1	1	1	1	1	1	1	1	1	1	1	1	1	1	1	#_38        
   39	1	1	0	0	10	1	1	1	1	1	1	1	1	1	1	1	1	1	1	1	1	1	1	1	1	1	1	1	1	1	1	1	1	1	1	1	1	#_39        
   40	1	1	0	0	10	1	1	1	1	1	1	1	1	1	1	1	1	1	1	1	1	1	1	1	1	1	1	1	1	1	1	1	1	1	1	1	1	#_40        
   41	1	1	0	0	10	1	1	1	1	1	1	1	1	1	1	1	1	1	1	1	1	1	1	1	1	1	1	1	1	1	1	1	1	1	1	1	1	#_41        
   42	1	1	0	0	10	1	1	1	1	1	1	1	1	1	1	1	1	1	1	1	1	1	1	1	1	1	1	1	1	1	1	1	1	1	1	1	1	#_42        
   43	1	1	0	0	10	1	1	1	1	1	1	1	1	1	1	1	1	1	1	1	1	1	1	1	1	1	1	1	1	1	1	1	1	1	1	1	1	#_43        
   44	1	1	0	0	10	1	1	1	1	1	1	1	1	1	1	1	1	1	1	1	1	1	1	1	1	1	1	1	1	1	1	1	1	1	1	1	1	#_44        
   45	1	1	0	0	10	1	1	1	1	1	1	1	1	1	1	1	1	1	1	1	1	1	1	1	1	1	1	1	1	1	1	1	1	1	1	1	1	#_45        
   46	1	1	0	0	10	1	1	1	1	1	1	1	1	1	1	1	1	1	1	1	1	1	1	1	1	1	1	1	1	1	1	1	1	1	1	1	1	#_46        
   47	1	1	0	0	10	1	1	1	1	1	1	1	1	1	1	1	1	1	1	1	1	1	1	1	1	1	1	1	1	1	1	1	1	1	1	1	1	#_47        
   48	1	1	0	0	10	1	1	1	1	1	1	1	1	1	1	1	1	1	1	1	1	1	1	1	1	1	1	1	1	1	1	1	1	1	1	1	1	#_48        
   49	1	1	0	0	10	1	1	1	1	1	1	1	1	1	1	1	1	1	1	1	1	1	1	1	1	1	1	1	1	1	1	1	1	1	1	1	1	#_49        
   50	1	1	0	0	10	1	1	1	1	1	1	1	1	1	1	1	1	1	1	1	1	1	1	1	1	1	1	1	1	1	1	1	1	1	1	1	1	#_50        
   51	1	1	0	0	10	1	1	1	1	1	1	1	1	1	1	1	1	1	1	1	1	1	1	1	1	1	1	1	1	1	1	1	1	1	1	1	1	#_51        
   52	1	1	0	0	10	1	1	1	1	1	1	1	1	1	1	1	1	1	1	1	1	1	1	1	1	1	1	1	1	1	1	1	1	1	1	1	1	#_52        
   53	1	1	0	0	10	1	1	1	1	1	1	1	1	1	1	1	1	1	1	1	1	1	1	1	1	1	1	1	1	1	1	1	1	1	1	1	1	#_53        
   54	1	1	0	0	10	1	1	1	1	1	1	1	1	1	1	1	1	1	1	1	1	1	1	1	1	1	1	1	1	1	1	1	1	1	1	1	1	#_54        
   55	1	1	0	0	10	1	1	1	1	1	1	1	1	1	1	1	1	1	1	1	1	1	1	1	1	1	1	1	1	1	1	1	1	1	1	1	1	#_55        
   56	1	1	0	0	10	1	1	1	1	1	1	1	1	1	1	1	1	1	1	1	1	1	1	1	1	1	1	1	1	1	1	1	1	1	1	1	1	#_56        
   57	1	1	0	0	10	1	1	1	1	1	1	1	1	1	1	1	1	1	1	1	1	1	1	1	1	1	1	1	1	1	1	1	1	1	1	1	1	#_57        
   58	1	1	0	0	10	1	1	1	1	1	1	1	1	1	1	1	1	1	1	1	1	1	1	1	1	1	1	1	1	1	1	1	1	1	1	1	1	#_58        
   59	1	1	0	0	10	1	1	1	1	1	1	1	1	1	1	1	1	1	1	1	1	1	1	1	1	1	1	1	1	1	1	1	1	1	1	1	1	#_59        
   60	1	1	0	0	10	1	1	1	1	1	1	1	1	1	1	1	1	1	1	1	1	1	1	1	1	1	1	1	1	1	1	1	1	1	1	1	1	#_60        
   61	1	1	0	0	10	1	1	1	1	1	1	1	1	1	1	1	1	1	1	1	1	1	1	1	1	1	1	1	1	1	1	1	1	1	1	1	1	#_61        
   62	1	1	0	0	10	1	1	1	1	1	1	1	1	1	1	1	1	1	1	1	1	1	1	1	1	1	1	1	1	1	1	1	1	1	1	1	1	#_62        
   63	1	1	0	0	10	1	1	1	1	1	1	1	1	1	1	1	1	1	1	1	1	1	1	1	1	1	1	1	1	1	1	1	1	1	1	1	1	#_63        
   64	1	1	0	0	10	1	1	1	1	1	1	1	1	1	1	1	1	1	1	1	1	1	1	1	1	1	1	1	1	1	1	1	1	1	1	1	1	#_64        
   65	1	1	0	0	10	1	1	1	1	1	1	1	1	1	1	1	1	1	1	1	1	1	1	1	1	1	1	1	1	1	1	1	1	1	1	1	1	#_65        
   66	1	1	0	0	10	1	1	1	1	1	1	1	1	1	1	1	1	1	1	1	1	1	1	1	1	1	1	1	1	1	1	1	1	1	1	1	1	#_66        
   67	1	1	0	0	10	1	1	1	1	1	1	1	1	1	1	1	1	1	1	1	1	1	1	1	1	1	1	1	1	1	1	1	1	1	1	1	1	#_67        
   68	1	1	0	0	10	1	1	1	1	1	1	1	1	1	1	1	1	1	1	1	1	1	1	1	1	1	1	1	1	1	1	1	1	1	1	1	1	#_68        
   69	1	1	0	0	10	1	1	1	1	1	1	1	1	1	1	1	1	1	1	1	1	1	1	1	1	1	1	1	1	1	1	1	1	1	1	1	1	#_69        
   70	1	1	0	0	10	1	1	1	1	1	1	1	1	1	1	1	1	1	1	1	1	1	1	1	1	1	1	1	1	1	1	1	1	1	1	1	1	#_70        
   71	1	1	0	0	10	1	1	1	1	1	1	1	1	1	1	1	1	1	1	1	1	1	1	1	1	1	1	1	1	1	1	1	1	1	1	1	1	#_71        
   72	1	1	0	0	10	1	1	1	1	1	1	1	1	1	1	1	1	1	1	1	1	1	1	1	1	1	1	1	1	1	1	1	1	1	1	1	1	#_72        
   73	1	1	0	0	10	1	1	1	1	1	1	1	1	1	1	1	1	1	1	1	1	1	1	1	1	1	1	1	1	1	1	1	1	1	1	1	1	#_73        
   74	1	1	0	0	10	1	1	1	1	1	1	1	1	1	1	1	1	1	1	1	1	1	1	1	1	1	1	1	1	1	1	1	1	1	1	1	1	#_74        
   75	1	1	0	0	10	1	1	1	1	1	1	1	1	1	1	1	1	1	1	1	1	1	1	1	1	1	1	1	1	1	1	1	1	1	1	1	1	#_75        
   76	1	1	0	0	10	1	1	1	1	1	1	1	1	1	1	1	1	1	1	1	1	1	1	1	1	1	1	1	1	1	1	1	1	1	1	1	1	#_76        
   77	1	1	0	0	10	1	1	1	1	1	1	1	1	1	1	1	1	1	1	1	1	1	1	1	1	1	1	1	1	1	1	1	1	1	1	1	1	#_77        
   78	1	1	0	0	10	1	1	1	1	1	1	1	1	1	1	1	1	1	1	1	1	1	1	1	1	1	1	1	1	1	1	1	1	1	1	1	1	#_78        
   79	1	1	0	0	10	1	1	1	1	1	1	1	1	1	1	1	1	1	1	1	1	1	1	1	1	1	1	1	1	1	1	1	1	1	1	1	1	#_79        
   80	1	1	0	0	10	1	1	1	1	1	1	1	1	1	1	1	1	1	1	1	1	1	1	1	1	1	1	1	1	1	1	1	1	1	1	1	1	#_80        
   81	1	1	0	0	10	1	1	1	1	1	1	1	1	1	1	1	1	1	1	1	1	1	1	1	1	1	1	1	1	1	1	1	1	1	1	1	1	#_81        
   82	1	1	0	0	10	1	1	1	1	1	1	1	1	1	1	1	1	1	1	1	1	1	1	1	1	1	1	1	1	1	1	1	1	1	1	1	1	#_82        
   83	1	1	0	0	10	1	1	1	1	1	1	1	1	1	1	1	1	1	1	1	1	1	1	1	1	1	1	1	1	1	1	1	1	1	1	1	1	#_83        
   84	1	1	0	0	10	1	1	1	1	1	1	1	1	1	1	1	1	1	1	1	1	1	1	1	1	1	1	1	1	1	1	1	1	1	1	1	1	#_84        
   85	1	1	0	0	10	1	1	1	1	1	1	1	1	1	1	1	1	1	1	1	1	1	1	1	1	1	1	1	1	1	1	1	1	1	1	1	1	#_85        
   86	1	1	0	0	10	1	1	1	1	1	1	1	1	1	1	1	1	1	1	1	1	1	1	1	1	1	1	1	1	1	1	1	1	1	1	1	1	#_86        
   87	1	1	0	0	10	1	1	1	1	1	1	1	1	1	1	1	1	1	1	1	1	1	1	1	1	1	1	1	1	1	1	1	1	1	1	1	1	#_87        
   88	1	1	0	0	10	1	1	1	1	1	1	1	1	1	1	1	1	1	1	1	1	1	1	1	1	1	1	1	1	1	1	1	1	1	1	1	1	#_88        
   89	1	1	0	0	10	1	1	1	1	1	1	1	1	1	1	1	1	1	1	1	1	1	1	1	1	1	1	1	1	1	1	1	1	1	1	1	1	#_89        
   90	1	1	0	0	10	1	1	1	1	1	1	1	1	1	1	1	1	1	1	1	1	1	1	1	1	1	1	1	1	1	1	1	1	1	1	1	1	#_90        
   91	1	1	0	0	10	1	1	1	1	1	1	1	1	1	1	1	1	1	1	1	1	1	1	1	1	1	1	1	1	1	1	1	1	1	1	1	1	#_91        
   92	1	1	0	0	10	1	1	1	1	1	1	1	1	1	1	1	1	1	1	1	1	1	1	1	1	1	1	1	1	1	1	1	1	1	1	1	1	#_92        
   93	1	1	0	0	10	1	1	1	1	1	1	1	1	1	1	1	1	1	1	1	1	1	1	1	1	1	1	1	1	1	1	1	1	1	1	1	1	#_93        
   94	1	1	0	0	10	1	1	1	1	1	1	1	1	1	1	1	1	1	1	1	1	1	1	1	1	1	1	1	1	1	1	1	1	1	1	1	1	#_94        
   95	1	1	0	0	10	1	1	1	1	1	1	1	1	1	1	1	1	1	1	1	1	1	1	1	1	1	1	1	1	1	1	1	1	1	1	1	1	#_95        
   96	1	1	0	0	10	1	1	1	1	1	1	1	1	1	1	1	1	1	1	1	1	1	1	1	1	1	1	1	1	1	1	1	1	1	1	1	1	#_96        
   97	1	1	0	0	10	1	1	1	1	1	1	1	1	1	1	1	1	1	1	1	1	1	1	1	1	1	1	1	1	1	1	1	1	1	1	1	1	#_97        
   98	1	1	0	0	10	1	1	1	1	1	1	1	1	1	1	1	1	1	1	1	1	1	1	1	1	1	1	1	1	1	1	1	1	1	1	1	1	#_98        
   99	1	1	0	0	10	1	1	1	1	1	1	1	1	1	1	1	1	1	1	1	1	1	1	1	1	1	1	1	1	1	1	1	1	1	1	1	1	#_99        
  100	1	1	0	0	10	1	1	1	1	1	1	1	1	1	1	1	1	1	1	1	1	1	1	1	1	1	1	1	1	1	1	1	1	1	1	1	1	#_100       
-9999	0	0	0	0	 0	0	0	0	0	0	0	0	0	0	0	0	0	0	0	0	0	0	0	0	0	0	0	0	0	0	0	0	0	0	0	0	0	#_terminator
30 #_N_agebins
#
#_agebin_vector
1 2 3 4 5 6 7 8 9 10 11 12 13 14 15 16 17 18 19 20 21 22 23 24 25 26 27 28 29 30 #_agebin_vector
#
#_ageing_error
1 #_N_ageerror_definitions
#_age0	age1	age2	age3	age4	age5	age6	age7	age8	age9	age10	age11	age12	age13	age14	age15	age16	age17	age18	age19	age20	age21	age22	age23	age24	age25	age26	age27	age28	age29	age30
-1.000	-1.000	-1.000	-1.000	-1.000	-1.000	-1.000	-1.000	-1.000	-1.000	-1.000	-1.000	-1.000	-1.000	-1.000	-1.000	-1.000	-1.000	-1.000	-1.000	-1.000	-1.000	-1.000	-1.000	-1.000	-1.000	-1.000	-1.000	-1.000	-1.000	-1.000	#_1
 0.001	 0.001	 0.001	 0.001	 0.001	 0.001	 0.001	 0.001	 0.001	 0.001	 0.001	 0.001	 0.001	 0.001	 0.001	 0.001	 0.001	 0.001	 0.001	 0.001	 0.001	 0.001	 0.001	 0.001	 0.001	 0.001	 0.001	 0.001	 0.001	 0.001	 0.001	#_2
#
#_age_info
#_mintailcomp	addtocomp	combine_M_F	CompressBins	CompError	ParmSelect	minsamplesize
-1	1e-10	0	0	0	0	1	#_Fishery
-1	1e-10	0	0	0	0	1	#_Survey 
3 #_Lbin_method: 1=poplenbins; 2=datalenbins; 3=lengths
 #_combine males into females at or below this bin number
#_Yr	Seas	Flt	Gender	Part	AgeErr	Lbin_lo	Lbin_hi	Nsamp	a1	a2	a3	a4	a5	a6	a7	a8	a9	a10	a11	a12	a13	a14	a15	a16	a17	a18	a19	a20	a21	a22	a23	a24	a25	a26	a27	a28	a29	a30
1	1	1	0	0	1	-1	-1	30	1	1	1	1	1	1	1	1	1	1	1	1	1	1	1	1	1	1	1	1	1	1	1	1	1	1	1	1	1	1	#_1 
2	1	1	0	0	1	-1	-1	30	1	1	1	1	1	1	1	1	1	1	1	1	1	1	1	1	1	1	1	1	1	1	1	1	1	1	1	1	1	1	#_1 
3	1	1	0	0	1	-1	-1	30	1	1	1	1	1	1	1	1	1	1	1	1	1	1	1	1	1	1	1	1	1	1	1	1	1	1	1	1	1	1	#_1 
4	1	1	0	0	1	-1	-1	30	1	1	1	1	1	1	1	1	1	1	1	1	1	1	1	1	1	1	1	1	1	1	1	1	1	1	1	1	1	1	#_1 
5	1	1	0	0	1	-1	-1	30	1	1	1	1	1	1	1	1	1	1	1	1	1	1	1	1	1	1	1	1	1	1	1	1	1	1	1	1	1	1	#_1 
6	1	1	0	0	1	-1	-1	30	1	1	1	1	1	1	1	1	1	1	1	1	1	1	1	1	1	1	1	1	1	1	1	1	1	1	1	1	1	1	#_1 
7	1	1	0	0	1	-1	-1	30	1	1	1	1	1	1	1	1	1	1	1	1	1	1	1	1	1	1	1	1	1	1	1	1	1	1	1	1	1	1	#_1 
8	1	1	0	0	1	-1	-1	30	1	1	1	1	1	1	1	1	1	1	1	1	1	1	1	1	1	1	1	1	1	1	1	1	1	1	1	1	1	1	#_1 
9	1	1	0	0	1	-1	-1	30	1	1	1	1	1	1	1	1	1	1	1	1	1	1	1	1	1	1	1	1	1	1	1	1	1	1	1	1	1	1	#_1 
10	1	1	0	0	1	-1	-1	30	1	1	1	1	1	1	1	1	1	1	1	1	1	1	1	1	1	1	1	1	1	1	1	1	1	1	1	1	1	1	#_1 
11	1	1	0	0	1	-1	-1	30	1	1	1	1	1	1	1	1	1	1	1	1	1	1	1	1	1	1	1	1	1	1	1	1	1	1	1	1	1	1	#_1 
12	1	1	0	0	1	-1	-1	30	1	1	1	1	1	1	1	1	1	1	1	1	1	1	1	1	1	1	1	1	1	1	1	1	1	1	1	1	1	1	#_1 
13	1	1	0	0	1	-1	-1	30	1	1	1	1	1	1	1	1	1	1	1	1	1	1	1	1	1	1	1	1	1	1	1	1	1	1	1	1	1	1	#_1 
14	1	1	0	0	1	-1	-1	30	1	1	1	1	1	1	1	1	1	1	1	1	1	1	1	1	1	1	1	1	1	1	1	1	1	1	1	1	1	1	#_1 
15	1	1	0	0	1	-1	-1	30	1	1	1	1	1	1	1	1	1	1	1	1	1	1	1	1	1	1	1	1	1	1	1	1	1	1	1	1	1	1	#_1 
16	1	1	0	0	1	-1	-1	30	1	1	1	1	1	1	1	1	1	1	1	1	1	1	1	1	1	1	1	1	1	1	1	1	1	1	1	1	1	1	#_1 
17	1	1	0	0	1	-1	-1	30	1	1	1	1	1	1	1	1	1	1	1	1	1	1	1	1	1	1	1	1	1	1	1	1	1	1	1	1	1	1	#_1 
18	1	1	0	0	1	-1	-1	30	1	1	1	1	1	1	1	1	1	1	1	1	1	1	1	1	1	1	1	1	1	1	1	1	1	1	1	1	1	1	#_1 
19	1	1	0	0	1	-1	-1	30	1	1	1	1	1	1	1	1	1	1	1	1	1	1	1	1	1	1	1	1	1	1	1	1	1	1	1	1	1	1	#_1 
20	1	1	0	0	1	-1	-1	30	1	1	1	1	1	1	1	1	1	1	1	1	1	1	1	1	1	1	1	1	1	1	1	1	1	1	1	1	1	1	#_1 
21	1	1	0	0	1	-1	-1	30	1	1	1	1	1	1	1	1	1	1	1	1	1	1	1	1	1	1	1	1	1	1	1	1	1	1	1	1	1	1	#_1 
22	1	1	0	0	1	-1	-1	30	1	1	1	1	1	1	1	1	1	1	1	1	1	1	1	1	1	1	1	1	1	1	1	1	1	1	1	1	1	1	#_1 
23	1	1	0	0	1	-1	-1	30	1	1	1	1	1	1	1	1	1	1	1	1	1	1	1	1	1	1	1	1	1	1	1	1	1	1	1	1	1	1	#_1 
24	1	1	0	0	1	-1	-1	30	1	1	1	1	1	1	1	1	1	1	1	1	1	1	1	1	1	1	1	1	1	1	1	1	1	1	1	1	1	1	#_1 
25	1	1	0	0	1	-1	-1	30	1	1	1	1	1	1	1	1	1	1	1	1	1	1	1	1	1	1	1	1	1	1	1	1	1	1	1	1	1	1	#_1 
26	1	1	0	0	1	-1	-1	30	1	1	1	1	1	1	1	1	1	1	1	1	1	1	1	1	1	1	1	1	1	1	1	1	1	1	1	1	1	1	#_1 
27	1	1	0	0	1	-1	-1	30	1	1	1	1	1	1	1	1	1	1	1	1	1	1	1	1	1	1	1	1	1	1	1	1	1	1	1	1	1	1	#_1 
28	1	1	0	0	1	-1	-1	30	1	1	1	1	1	1	1	1	1	1	1	1	1	1	1	1	1	1	1	1	1	1	1	1	1	1	1	1	1	1	#_1 
29	1	1	0	0	1	-1	-1	30	1	1	1	1	1	1	1	1	1	1	1	1	1	1	1	1	1	1	1	1	1	1	1	1	1	1	1	1	1	1	#_1 
30	1	1	0	0	1	-1	-1	30	1	1	1	1	1	1	1	1	1	1	1	1	1	1	1	1	1	1	1	1	1	1	1	1	1	1	1	1	1	1	#_1 
31	1	1	0	0	1	-1	-1	30	1	1	1	1	1	1	1	1	1	1	1	1	1	1	1	1	1	1	1	1	1	1	1	1	1	1	1	1	1	1	#_1 
32	1	1	0	0	1	-1	-1	30	1	1	1	1	1	1	1	1	1	1	1	1	1	1	1	1	1	1	1	1	1	1	1	1	1	1	1	1	1	1	#_1 
33	1	1	0	0	1	-1	-1	30	1	1	1	1	1	1	1	1	1	1	1	1	1	1	1	1	1	1	1	1	1	1	1	1	1	1	1	1	1	1	#_1 
34	1	1	0	0	1	-1	-1	30	1	1	1	1	1	1	1	1	1	1	1	1	1	1	1	1	1	1	1	1	1	1	1	1	1	1	1	1	1	1	#_1 
35	1	1	0	0	1	-1	-1	30	1	1	1	1	1	1	1	1	1	1	1	1	1	1	1	1	1	1	1	1	1	1	1	1	1	1	1	1	1	1	#_1 
36	1	1	0	0	1	-1	-1	30	1	1	1	1	1	1	1	1	1	1	1	1	1	1	1	1	1	1	1	1	1	1	1	1	1	1	1	1	1	1	#_1 
37	1	1	0	0	1	-1	-1	30	1	1	1	1	1	1	1	1	1	1	1	1	1	1	1	1	1	1	1	1	1	1	1	1	1	1	1	1	1	1	#_1 
38	1	1	0	0	1	-1	-1	30	1	1	1	1	1	1	1	1	1	1	1	1	1	1	1	1	1	1	1	1	1	1	1	1	1	1	1	1	1	1	#_1 
39	1	1	0	0	1	-1	-1	30	1	1	1	1	1	1	1	1	1	1	1	1	1	1	1	1	1	1	1	1	1	1	1	1	1	1	1	1	1	1	#_1 
40	1	1	0	0	1	-1	-1	30	1	1	1	1	1	1	1	1	1	1	1	1	1	1	1	1	1	1	1	1	1	1	1	1	1	1	1	1	1	1	#_1 
41	1	1	0	0	1	-1	-1	30	1	1	1	1	1	1	1	1	1	1	1	1	1	1	1	1	1	1	1	1	1	1	1	1	1	1	1	1	1	1	#_1 
42	1	1	0	0	1	-1	-1	30	1	1	1	1	1	1	1	1	1	1	1	1	1	1	1	1	1	1	1	1	1	1	1	1	1	1	1	1	1	1	#_1 
43	1	1	0	0	1	-1	-1	30	1	1	1	1	1	1	1	1	1	1	1	1	1	1	1	1	1	1	1	1	1	1	1	1	1	1	1	1	1	1	#_1 
44	1	1	0	0	1	-1	-1	30	1	1	1	1	1	1	1	1	1	1	1	1	1	1	1	1	1	1	1	1	1	1	1	1	1	1	1	1	1	1	#_1 
45	1	1	0	0	1	-1	-1	30	1	1	1	1	1	1	1	1	1	1	1	1	1	1	1	1	1	1	1	1	1	1	1	1	1	1	1	1	1	1	#_1 
46	1	1	0	0	1	-1	-1	30	1	1	1	1	1	1	1	1	1	1	1	1	1	1	1	1	1	1	1	1	1	1	1	1	1	1	1	1	1	1	#_1 
47	1	1	0	0	1	-1	-1	30	1	1	1	1	1	1	1	1	1	1	1	1	1	1	1	1	1	1	1	1	1	1	1	1	1	1	1	1	1	1	#_1 
48	1	1	0	0	1	-1	-1	30	1	1	1	1	1	1	1	1	1	1	1	1	1	1	1	1	1	1	1	1	1	1	1	1	1	1	1	1	1	1	#_1 
49	1	1	0	0	1	-1	-1	30	1	1	1	1	1	1	1	1	1	1	1	1	1	1	1	1	1	1	1	1	1	1	1	1	1	1	1	1	1	1	#_1 
50	1	1	0	0	1	-1	-1	30	1	1	1	1	1	1	1	1	1	1	1	1	1	1	1	1	1	1	1	1	1	1	1	1	1	1	1	1	1	1	#_1 
51	1	1	0	0	1	-1	-1	30	1	1	1	1	1	1	1	1	1	1	1	1	1	1	1	1	1	1	1	1	1	1	1	1	1	1	1	1	1	1	#_1 
52	1	1	0	0	1	-1	-1	30	1	1	1	1	1	1	1	1	1	1	1	1	1	1	1	1	1	1	1	1	1	1	1	1	1	1	1	1	1	1	#_1 
53	1	1	0	0	1	-1	-1	30	1	1	1	1	1	1	1	1	1	1	1	1	1	1	1	1	1	1	1	1	1	1	1	1	1	1	1	1	1	1	#_1 
54	1	1	0	0	1	-1	-1	30	1	1	1	1	1	1	1	1	1	1	1	1	1	1	1	1	1	1	1	1	1	1	1	1	1	1	1	1	1	1	#_1 
55	1	1	0	0	1	-1	-1	30	1	1	1	1	1	1	1	1	1	1	1	1	1	1	1	1	1	1	1	1	1	1	1	1	1	1	1	1	1	1	#_1 
56	1	1	0	0	1	-1	-1	30	1	1	1	1	1	1	1	1	1	1	1	1	1	1	1	1	1	1	1	1	1	1	1	1	1	1	1	1	1	1	#_1 
57	1	1	0	0	1	-1	-1	30	1	1	1	1	1	1	1	1	1	1	1	1	1	1	1	1	1	1	1	1	1	1	1	1	1	1	1	1	1	1	#_1 
58	1	1	0	0	1	-1	-1	30	1	1	1	1	1	1	1	1	1	1	1	1	1	1	1	1	1	1	1	1	1	1	1	1	1	1	1	1	1	1	#_1 
59	1	1	0	0	1	-1	-1	30	1	1	1	1	1	1	1	1	1	1	1	1	1	1	1	1	1	1	1	1	1	1	1	1	1	1	1	1	1	1	#_1 
60	1	1	0	0	1	-1	-1	30	1	1	1	1	1	1	1	1	1	1	1	1	1	1	1	1	1	1	1	1	1	1	1	1	1	1	1	1	1	1	#_1 
61	1	1	0	0	1	-1	-1	30	1	1	1	1	1	1	1	1	1	1	1	1	1	1	1	1	1	1	1	1	1	1	1	1	1	1	1	1	1	1	#_1 
62	1	1	0	0	1	-1	-1	30	1	1	1	1	1	1	1	1	1	1	1	1	1	1	1	1	1	1	1	1	1	1	1	1	1	1	1	1	1	1	#_1 
63	1	1	0	0	1	-1	-1	30	1	1	1	1	1	1	1	1	1	1	1	1	1	1	1	1	1	1	1	1	1	1	1	1	1	1	1	1	1	1	#_1 
64	1	1	0	0	1	-1	-1	30	1	1	1	1	1	1	1	1	1	1	1	1	1	1	1	1	1	1	1	1	1	1	1	1	1	1	1	1	1	1	#_1 
65	1	1	0	0	1	-1	-1	30	1	1	1	1	1	1	1	1	1	1	1	1	1	1	1	1	1	1	1	1	1	1	1	1	1	1	1	1	1	1	#_1 
66	1	1	0	0	1	-1	-1	30	1	1	1	1	1	1	1	1	1	1	1	1	1	1	1	1	1	1	1	1	1	1	1	1	1	1	1	1	1	1	#_1 
67	1	1	0	0	1	-1	-1	30	1	1	1	1	1	1	1	1	1	1	1	1	1	1	1	1	1	1	1	1	1	1	1	1	1	1	1	1	1	1	#_1 
68	1	1	0	0	1	-1	-1	30	1	1	1	1	1	1	1	1	1	1	1	1	1	1	1	1	1	1	1	1	1	1	1	1	1	1	1	1	1	1	#_1 
69	1	1	0	0	1	-1	-1	30	1	1	1	1	1	1	1	1	1	1	1	1	1	1	1	1	1	1	1	1	1	1	1	1	1	1	1	1	1	1	#_1 
70	1	1	0	0	1	-1	-1	30	1	1	1	1	1	1	1	1	1	1	1	1	1	1	1	1	1	1	1	1	1	1	1	1	1	1	1	1	1	1	#_1 
71	1	1	0	0	1	-1	-1	30	1	1	1	1	1	1	1	1	1	1	1	1	1	1	1	1	1	1	1	1	1	1	1	1	1	1	1	1	1	1	#_1 
72	1	1	0	0	1	-1	-1	30	1	1	1	1	1	1	1	1	1	1	1	1	1	1	1	1	1	1	1	1	1	1	1	1	1	1	1	1	1	1	#_1 
73	1	1	0	0	1	-1	-1	30	1	1	1	1	1	1	1	1	1	1	1	1	1	1	1	1	1	1	1	1	1	1	1	1	1	1	1	1	1	1	#_1 
74	1	1	0	0	1	-1	-1	30	1	1	1	1	1	1	1	1	1	1	1	1	1	1	1	1	1	1	1	1	1	1	1	1	1	1	1	1	1	1	#_1 
75	1	1	0	0	1	-1	-1	30	1	1	1	1	1	1	1	1	1	1	1	1	1	1	1	1	1	1	1	1	1	1	1	1	1	1	1	1	1	1	#_1 
76	1	1	0	0	1	-1	-1	30	1	1	1	1	1	1	1	1	1	1	1	1	1	1	1	1	1	1	1	1	1	1	1	1	1	1	1	1	1	1	#_1 
77	1	1	0	0	1	-1	-1	30	1	1	1	1	1	1	1	1	1	1	1	1	1	1	1	1	1	1	1	1	1	1	1	1	1	1	1	1	1	1	#_1 
78	1	1	0	0	1	-1	-1	30	1	1	1	1	1	1	1	1	1	1	1	1	1	1	1	1	1	1	1	1	1	1	1	1	1	1	1	1	1	1	#_1 
79	1	1	0	0	1	-1	-1	30	1	1	1	1	1	1	1	1	1	1	1	1	1	1	1	1	1	1	1	1	1	1	1	1	1	1	1	1	1	1	#_1 
80	1	1	0	0	1	-1	-1	30	1	1	1	1	1	1	1	1	1	1	1	1	1	1	1	1	1	1	1	1	1	1	1	1	1	1	1	1	1	1	#_1 
81	1	1	0	0	1	-1	-1	30	1	1	1	1	1	1	1	1	1	1	1	1	1	1	1	1	1	1	1	1	1	1	1	1	1	1	1	1	1	1	#_1 
82	1	1	0	0	1	-1	-1	30	1	1	1	1	1	1	1	1	1	1	1	1	1	1	1	1	1	1	1	1	1	1	1	1	1	1	1	1	1	1	#_1 
83	1	1	0	0	1	-1	-1	30	1	1	1	1	1	1	1	1	1	1	1	1	1	1	1	1	1	1	1	1	1	1	1	1	1	1	1	1	1	1	#_1 
84	1	1	0	0	1	-1	-1	30	1	1	1	1	1	1	1	1	1	1	1	1	1	1	1	1	1	1	1	1	1	1	1	1	1	1	1	1	1	1	#_1 
85	1	1	0	0	1	-1	-1	30	1	1	1	1	1	1	1	1	1	1	1	1	1	1	1	1	1	1	1	1	1	1	1	1	1	1	1	1	1	1	#_1 
86	1	1	0	0	1	-1	-1	30	1	1	1	1	1	1	1	1	1	1	1	1	1	1	1	1	1	1	1	1	1	1	1	1	1	1	1	1	1	1	#_1 
87	1	1	0	0	1	-1	-1	30	1	1	1	1	1	1	1	1	1	1	1	1	1	1	1	1	1	1	1	1	1	1	1	1	1	1	1	1	1	1	#_1 
88	1	1	0	0	1	-1	-1	30	1	1	1	1	1	1	1	1	1	1	1	1	1	1	1	1	1	1	1	1	1	1	1	1	1	1	1	1	1	1	#_1 
89	1	1	0	0	1	-1	-1	30	1	1	1	1	1	1	1	1	1	1	1	1	1	1	1	1	1	1	1	1	1	1	1	1	1	1	1	1	1	1	#_1 
90	1	1	0	0	1	-1	-1	30	1	1	1	1	1	1	1	1	1	1	1	1	1	1	1	1	1	1	1	1	1	1	1	1	1	1	1	1	1	1	#_1 
91	1	1	0	0	1	-1	-1	30	1	1	1	1	1	1	1	1	1	1	1	1	1	1	1	1	1	1	1	1	1	1	1	1	1	1	1	1	1	1	#_1 
92	1	1	0	0	1	-1	-1	30	1	1	1	1	1	1	1	1	1	1	1	1	1	1	1	1	1	1	1	1	1	1	1	1	1	1	1	1	1	1	#_1 
93	1	1	0	0	1	-1	-1	30	1	1	1	1	1	1	1	1	1	1	1	1	1	1	1	1	1	1	1	1	1	1	1	1	1	1	1	1	1	1	#_1 
94	1	1	0	0	1	-1	-1	30	1	1	1	1	1	1	1	1	1	1	1	1	1	1	1	1	1	1	1	1	1	1	1	1	1	1	1	1	1	1	#_1 
95	1	1	0	0	1	-1	-1	30	1	1	1	1	1	1	1	1	1	1	1	1	1	1	1	1	1	1	1	1	1	1	1	1	1	1	1	1	1	1	#_1 
96	1	1	0	0	1	-1	-1	30	1	1	1	1	1	1	1	1	1	1	1	1	1	1	1	1	1	1	1	1	1	1	1	1	1	1	1	1	1	1	#_1 
97	1	1	0	0	1	-1	-1	30	1	1	1	1	1	1	1	1	1	1	1	1	1	1	1	1	1	1	1	1	1	1	1	1	1	1	1	1	1	1	#_1 
98	1	1	0	0	1	-1	-1	30	1	1	1	1	1	1	1	1	1	1	1	1	1	1	1	1	1	1	1	1	1	1	1	1	1	1	1	1	1	1	#_1 
99	1	1	0	0	1	-1	-1	30	1	1	1	1	1	1	1	1	1	1	1	1	1	1	1	1	1	1	1	1	1	1	1	1	1	1	1	1	1	1	#_1 
100	1	1	0	0	1	-1	-1	30	1	1	1	1	1	1	1	1	1	1	1	1	1	1	1	1	1	1	1	1	1	1	1	1	1	1	1	1	1	1	#_1 
-9999	0	0	0	0	0	 0	 0	 0	0	0	0	0	0	0	0	0	0	0	0	0	0	0	0	0	0	0	0	0	0	0	0	0	0	0	0	0	0	0	#_terminator
#
#_MeanSize_at_Age_obs
0 #_use_MeanSize_at_Age_obs
0 #_N_environ_variables
0 #_N_sizefreq_methods
0 #_do_tags
0 #_morphcomp_data
0 #_use_selectivity_priors
#
999
