#V3.30
#C data file created using the SS_writedat function in the R package r4ss
#C should work with SS version: 
#C file write time: 2020-05-03 22:27:18
#
1 #_styr
100 #_endyr
1 #_nseas
12 #_months_per_seas
2 #_Nsubseasons
1 #_spawn_month
1 #_Ngenders
30 #_Nages
1 #_N_areas
2 #_Nfleets
#_fleetinfo
#_type	surveytiming	area	units	need_catch_mult	fleetname
1	-1	1	1	0	Fishery	#_1
3	 1	1	2	0	Survey 	#_2
#_Catch data
#_year	season	fleet	catch	catch_se
 -999	1	1	   0.000	0.0	#_1         
    1	1	1	 177.391	0.1	#_2         
    2	1	1	 204.873	0.1	#_3         
    3	1	1	 228.294	0.1	#_4         
    4	1	1	 247.524	0.1	#_5         
    5	1	1	 262.651	0.1	#_6         
    6	1	1	 276.372	0.1	#_7         
    7	1	1	 292.575	0.1	#_8         
    8	1	1	 309.957	0.1	#_9         
    9	1	1	 323.265	0.1	#_10        
   10	1	1	 330.580	0.1	#_11        
   11	1	1	 334.152	0.1	#_12        
   12	1	1	 335.932	0.1	#_13        
   13	1	1	 335.841	0.1	#_14        
   14	1	1	 334.733	0.1	#_15        
   15	1	1	 335.328	0.1	#_16        
   16	1	1	 337.465	0.1	#_17        
   17	1	1	 337.954	0.1	#_18        
   18	1	1	 335.787	0.1	#_19        
   19	1	1	 334.164	0.1	#_20        
   20	1	1	 337.183	0.1	#_21        
   21	1	1	 345.518	0.1	#_22        
   22	1	1	 356.396	0.1	#_23        
   23	1	1	 366.291	0.1	#_24        
   24	1	1	 373.226	0.1	#_25        
   25	1	1	 376.900	0.1	#_26        
   26	1	1	 365.455	0.1	#_27        
   27	1	1	 822.594	0.1	#_28        
   28	1	1	1246.100	0.1	#_29        
   29	1	1	1689.430	0.1	#_30        
   30	1	1	2175.390	0.1	#_31        
   31	1	1	2627.190	0.1	#_32        
   32	1	1	2964.340	0.1	#_33        
   33	1	1	3246.340	0.1	#_34        
   34	1	1	3647.650	0.1	#_35        
   35	1	1	4200.630	0.1	#_36        
   36	1	1	4714.220	0.1	#_37        
   37	1	1	5011.410	0.1	#_38        
   38	1	1	5053.180	0.1	#_39        
   39	1	1	4875.360	0.1	#_40        
   40	1	1	4560.600	0.1	#_41        
   41	1	1	4279.050	0.1	#_42        
   42	1	1	4200.800	0.1	#_43        
   43	1	1	4269.730	0.1	#_44        
   44	1	1	4304.410	0.1	#_45        
   45	1	1	4281.340	0.1	#_46        
   46	1	1	4266.540	0.1	#_47        
   47	1	1	4209.180	0.1	#_48        
   48	1	1	4109.450	0.1	#_49        
   49	1	1	4098.140	0.1	#_50        
   50	1	1	4097.250	0.1	#_51        
   51	1	1	3885.670	0.1	#_52        
   52	1	1	3439.310	0.1	#_53        
   53	1	1	2914.250	0.1	#_54        
   54	1	1	2510.530	0.1	#_55        
   55	1	1	2396.050	0.1	#_56        
   56	1	1	2497.870	0.1	#_57        
   57	1	1	2671.420	0.1	#_58        
   58	1	1	2684.720	0.1	#_59        
   59	1	1	2504.070	0.1	#_60        
   60	1	1	2225.460	0.1	#_61        
   61	1	1	1980.660	0.1	#_62        
   62	1	1	1814.960	0.1	#_63        
   63	1	1	1851.090	0.1	#_64        
   64	1	1	2059.450	0.1	#_65        
   65	1	1	2247.600	0.1	#_66        
   66	1	1	2235.720	0.1	#_67        
   67	1	1	2039.610	0.1	#_68        
   68	1	1	1765.500	0.1	#_69        
   69	1	1	1505.010	0.1	#_70        
   70	1	1	1325.780	0.1	#_71        
   71	1	1	1250.610	0.1	#_72        
   72	1	1	1231.240	0.1	#_73        
   73	1	1	1194.110	0.1	#_74        
   74	1	1	1121.740	0.1	#_75        
   75	1	1	1072.050	0.1	#_76        
   76	1	1	1086.180	0.1	#_77        
   77	1	1	1120.870	0.1	#_78        
   78	1	1	1158.080	0.1	#_79        
   79	1	1	1218.860	0.1	#_80        
   80	1	1	1251.310	0.1	#_81        
   81	1	1	1352.310	0.1	#_82        
   82	1	1	1378.010	0.1	#_83        
   83	1	1	1374.310	0.1	#_84        
   84	1	1	1364.550	0.1	#_85        
   85	1	1	1345.850	0.1	#_86        
   86	1	1	1330.370	0.1	#_87        
   87	1	1	1366.900	0.1	#_88        
   88	1	1	1493.750	0.1	#_89        
   89	1	1	1679.480	0.1	#_90        
   90	1	1	1867.590	0.1	#_91        
   91	1	1	2015.810	0.1	#_92        
   92	1	1	2084.250	0.1	#_93        
   93	1	1	2055.410	0.1	#_94        
   94	1	1	1957.610	0.1	#_95        
   95	1	1	1847.880	0.1	#_96        
   96	1	1	1808.350	0.1	#_97        
   97	1	1	1958.000	0.1	#_98        
   98	1	1	2355.000	0.1	#_99        
   99	1	1	2856.180	0.1	#_100       
  100	1	1	3212.450	0.1	#_101       
-9999	0	0	   0.000	0.0	#_terminator
#_CPUE_and_surveyabundance_observations
#_Units:  0=numbers; 1=biomass; 2=F; >=30 for special types
#_Errtype:  -1=normal; 0=lognormal; >0=T
#_SD_Report: 0=no sdreport; 1=enable sdreport
#_Fleet	Units	Errtype	SD_Report
1	1	0	0	#_Fishery
2	1	0	0	#_Survey 
#
#_CPUE_data
#_year	seas	index	obs	se_log
    1	7	1	133050.74	0.1	#_1         
    2	7	1	112172.36	0.1	#_2         
    3	7	1	100512.34	0.1	#_3         
    4	7	1	122432.79	0.1	#_4         
    5	7	1	 98875.81	0.1	#_5         
    6	7	1	 92944.96	0.1	#_6         
    7	7	1	 95640.26	0.1	#_7         
    8	7	1	 84037.88	0.1	#_8         
    9	7	1	 93613.03	0.1	#_9         
   10	7	1	 75656.67	0.1	#_10        
   11	7	1	 95103.70	0.1	#_11        
   12	7	1	 79829.96	0.1	#_12        
   13	7	1	 71779.16	0.1	#_13        
   14	7	1	 66147.70	0.1	#_14        
   15	7	1	 76682.84	0.1	#_15        
   16	7	1	 60322.32	0.1	#_16        
   17	7	1	 68599.41	0.1	#_17        
   18	7	1	 56222.05	0.1	#_18        
   19	7	1	 51853.78	0.1	#_19        
   20	7	1	 51648.89	0.1	#_20        
   21	7	1	 46836.94	0.1	#_21        
   22	7	1	 44392.71	0.1	#_22        
   23	7	1	 49133.56	0.1	#_23        
   24	7	1	 53836.79	0.1	#_24        
   25	7	1	 49371.81	0.1	#_25        
   26	7	1	 47781.83	0.1	#_26        
   27	7	1	 45325.35	0.1	#_27        
   28	7	1	 42941.34	0.1	#_28        
   29	7	1	 34139.73	0.1	#_29        
   30	7	1	 44765.32	0.1	#_30        
   31	7	1	 43495.36	0.1	#_31        
   32	7	1	 45942.30	0.1	#_32        
   33	7	1	 44190.79	0.1	#_33        
   34	7	1	 38896.92	0.1	#_34        
   35	7	1	 46442.44	0.1	#_35        
   36	7	1	 34577.12	0.1	#_36        
   37	7	1	 39903.02	0.1	#_37        
   38	7	1	 39547.92	0.1	#_38        
   39	7	1	 38177.16	0.1	#_39        
   40	7	1	 31030.30	0.1	#_40        
   41	7	1	 28755.69	0.1	#_41        
   42	7	1	 23284.99	0.1	#_42        
   43	7	1	 23084.45	0.1	#_43        
   44	7	1	 20603.62	0.1	#_44        
   45	7	1	 22968.72	0.1	#_45        
   46	7	1	 22808.27	0.1	#_46        
   47	7	1	 20387.25	0.1	#_47        
   48	7	1	 16824.46	0.1	#_48        
   49	7	1	 16726.58	0.1	#_49        
   50	7	1	 14413.67	0.1	#_50        
   51	7	1	 14286.69	0.1	#_51        
   52	7	1	 11094.21	0.1	#_52        
   53	7	1	  9090.46	0.1	#_53        
   54	7	1	  8208.62	0.1	#_54        
   55	7	1	  9240.93	0.1	#_55        
   56	7	1	  7447.74	0.1	#_56        
   57	7	1	  7611.91	0.1	#_57        
   58	7	1	  7945.30	0.1	#_58        
   59	7	1	  7911.49	0.1	#_59        
   60	7	1	  6521.93	0.1	#_60        
   61	7	1	  6355.05	0.1	#_61        
   62	7	1	  5924.23	0.1	#_62        
   63	7	1	  6401.87	0.1	#_63        
   64	7	1	  8489.40	0.1	#_64        
   65	7	1	  6646.24	0.1	#_65        
   66	7	1	  8622.99	0.1	#_66        
   67	7	1	  8364.74	0.1	#_67        
   68	7	1	  6719.91	0.1	#_68        
   69	7	1	  6178.98	0.1	#_69        
   70	7	1	  6604.58	0.1	#_70        
   71	7	1	  5344.45	0.1	#_71        
   72	7	1	  6551.68	0.1	#_72        
   73	7	1	  6715.87	0.1	#_73        
   74	7	1	  5997.38	0.1	#_74        
   75	7	1	  7512.35	0.1	#_75        
   76	7	1	  6725.84	0.1	#_76        
   77	7	1	  7636.51	0.1	#_77        
   78	7	1	 10033.70	0.1	#_78        
   79	7	1	  9805.20	0.1	#_79        
   80	7	1	 11103.69	0.1	#_80        
   81	7	1	 10849.37	0.1	#_81        
   82	7	1	 16440.49	0.1	#_82        
   83	7	1	 16087.03	0.1	#_83        
   84	7	1	 12275.28	0.1	#_84        
   85	7	1	 15817.48	0.1	#_85        
   86	7	1	 12946.88	0.1	#_86        
   87	7	1	 15424.29	0.1	#_87        
   88	7	1	 17340.64	0.1	#_88        
   89	7	1	 18352.48	0.1	#_89        
   90	7	1	 19046.78	0.1	#_90        
   91	7	1	 19575.11	0.1	#_91        
   92	7	1	 17986.20	0.1	#_92        
   93	7	1	 22252.49	0.1	#_93        
   94	7	1	 22975.08	0.1	#_94        
   95	7	1	 14645.33	0.1	#_95        
   96	7	1	 15378.29	0.1	#_96        
   97	7	1	 19354.25	0.1	#_97        
   98	7	1	 24506.21	0.1	#_98        
   99	7	1	 29597.52	0.1	#_99        
  100	7	1	 35269.29	0.1	#_100       
-9999	0	0	     0.00	0.0	#_terminator
0 #_N_discard_fleets
#_discard_units (1=same_as_catchunits(bio/num); 2=fraction; 3=numbers)
#_discard_errtype:  >0 for DF of T-dist(read CV below); 0 for normal with CV; -1 for normal with se; -2 for lognormal
#
#_discard_fleet_info
#
#_discard_data
#
#_meanbodywt
0 #_use_meanbodywt
 #_DF_for_meanbodywt_T-distribution_like
#
#_population_length_bins
2 # length bin method: 1=use databins; 2=generate from binwidth,min,max below; 3=read vector
1 # binwidth for population size comp
10 # minimum size in the population (lower edge of first bin and size at age 0.00)
72 # maximum size in the population (lower edge of last bin)
1 #_use_lencomp
#
#_len_info
#_mintailcomp	addtocomp	combine_M_F	CompressBins	CompError	ParmSelect	minsamplesize
-1	1e-10	0	0	0	0	1	#_Fishery
-1	1e-10	0	0	0	0	1	#_Survey 
32 #_N_lbins
#_lbin_vector
10 12 14 16 18 20 22 24 26 28 30 32 34 36 38 40 42 44 46 48 50 52 54 56 58 60 62 64 66 68 70 72 #_lbin_vector
#
#_lencomp
#_Yr	Seas	FltSvy	Gender	Part	Nsamp	l10	l12	l14	l16	l18	l20	l22	l24	l26	l28	l30	l32	l34	l36	l38	l40	l42	l44	l46	l48	l50	l52	l54	l56	l58	l60	l62	l64	l66	l68	l70	l72
    1	1	1	0	0	1000	0.001538220	0.00408866	0.00240844	0.00934974	0.02849890	0.0398409	0.0568238	0.0972253	0.1242860	0.150384	0.225829	0.360225	0.551352	0.806992	1.096830	1.303670	1.303390	1.119170	0.850486	0.602458	0.422259	0.3006310	0.2126060	0.1434510	0.0896012	0.05094670	0.02612610	0.012009200	0.004924550	1.79461e-03	5.79454e-04	2.18477e-04	#_1         
    2	1	1	0	0	1000	0.001499150	0.00397356	0.00205912	0.00668358	0.02068390	0.0316254	0.0541972	0.1044890	0.1540410	0.201526	0.256758	0.321739	0.434148	0.623088	0.866000	1.094520	1.217470	1.197390	1.037990	0.801688	0.568293	0.3837560	0.2527460	0.1616470	0.0980422	0.05499800	0.02803840	0.012855600	0.005267980	1.92127e-03	6.21682e-04	2.35515e-04	#_2         
    3	1	1	0	0	1000	0.001486900	0.00394067	0.00203015	0.00650394	0.01978770	0.0278182	0.0417196	0.0817239	0.1352460	0.206180	0.292661	0.371439	0.448268	0.554685	0.714806	0.909081	1.069130	1.144310	1.096070	0.932873	0.710103	0.4920670	0.3175040	0.1939760	0.1124190	0.06106870	0.03056500	0.013885100	0.005666060	2.06334e-03	6.67731e-04	2.53500e-04	#_3         
    4	1	1	0	0	1000	0.009011540	0.02373310	0.00845316	0.00667752	0.01963420	0.0273801	0.0398485	0.0744701	0.1155200	0.172057	0.260711	0.367260	0.473696	0.573659	0.680055	0.807980	0.940528	1.046680	1.071520	0.985189	0.807509	0.5921730	0.3927710	0.2389140	0.1347700	0.07074110	0.03436950	0.015294600	0.006164930	2.23049e-03	7.19726e-04	2.73105e-04	#_4         
    5	1	1	0	0	1000	0.000964046	0.00271127	0.00532620	0.03801570	0.11162400	0.1210500	0.0725784	0.0763331	0.1094730	0.155883	0.227652	0.320493	0.431817	0.551784	0.664881	0.767515	0.862334	0.953608	1.003920	0.970885	0.844724	0.6560620	0.4553100	0.2841630	0.1608590	0.08320660	0.03946100	0.017127700	0.006764420	2.41274e-03	7.71703e-04	2.91269e-04	#_5         
    6	1	1	0	0	1000	0.000740811	0.00196698	0.00111311	0.00438839	0.01787510	0.0582004	0.1759900	0.3321900	0.3565030	0.269728	0.237910	0.286177	0.374145	0.482620	0.597042	0.701720	0.787121	0.863542	0.913483	0.905132	0.819100	0.6662160	0.4835690	0.3130430	0.1813550	0.09451370	0.04452950	0.019022000	0.007367260	2.57973e-03	8.12977e-04	3.03072e-04	#_6         
    7	1	1	0	0	1000	0.001841880	0.00485852	0.00192588	0.00305929	0.00939927	0.0153350	0.0359421	0.1129960	0.2854710	0.517237	0.642546	0.578811	0.471869	0.457298	0.524081	0.615838	0.699053	0.773191	0.823643	0.827092	0.766277	0.6436130	0.4844800	0.3249670	0.1939720	0.10319600	0.04908450	0.020941400	0.008032950	2.77258e-03	8.60175e-04	3.15066e-04	#_7         
    8	1	1	0	0	1000	0.002347440	0.00620931	0.00289585	0.00759540	0.02235610	0.0261575	0.0237892	0.0422067	0.0940392	0.222594	0.460326	0.724186	0.849419	0.786432	0.666787	0.617594	0.643321	0.704109	0.756500	0.769666	0.725568	0.6234190	0.4822620	0.3331760	0.2046680	0.11162800	0.05408710	0.023322100	0.008968630	3.08156e-03	9.46994e-04	3.41465e-04	#_8         
    9	1	1	0	0	1000	0.002743850	0.00726295	0.00351542	0.01001360	0.03000980	0.0388511	0.0463713	0.0740818	0.0936280	0.119911	0.216197	0.419118	0.692799	0.910201	0.956042	0.859665	0.749711	0.713804	0.728343	0.737960	0.704084	0.6157970	0.4865650	0.3441790	0.2167020	0.12104800	0.05990770	0.026270100	0.010216700	3.52883e-03	1.08398e-03	3.87928e-04	#_9         
   10	1	1	0	0	1000	0.001436440	0.00383242	0.00261574	0.01182780	0.03576910	0.0476330	0.0617284	0.1054850	0.1415800	0.166682	0.207302	0.283794	0.439046	0.674621	0.895136	0.986013	0.935410	0.845723	0.782367	0.744727	0.697552	0.6133630	0.4919290	0.3545390	0.2278090	0.12991800	0.06559340	0.029283400	0.011557400	4.03431e-03	1.24656e-03	4.46076e-04	#_10        
   11	1	1	0	0	1000	0.000944826	0.00251351	0.00153517	0.00626470	0.01985970	0.0335019	0.0654139	0.1270540	0.1792390	0.223726	0.277473	0.327305	0.393371	0.516647	0.697572	0.870204	0.952020	0.942304	0.878923	0.800540	0.717269	0.6176210	0.4950360	0.3605510	0.2352860	0.13653900	0.07017820	0.031877700	0.012783300	4.52398e-03	1.41313e-03	5.09951e-04	#_11        
   12	1	1	0	0	1000	0.006461040	0.01701350	0.00599629	0.00425906	0.01276940	0.0202642	0.0380913	0.0829480	0.1491710	0.239625	0.337281	0.409359	0.462442	0.524168	0.617942	0.742346	0.854937	0.921484	0.919614	0.857708	0.758690	0.6380690	0.5036260	0.3658010	0.2403180	0.14114500	0.07360250	0.033947100	0.013819800	4.96049e-03	1.56921e-03	5.73606e-04	#_12        
   13	1	1	0	0	1000	0.001885410	0.00508534	0.00484409	0.02732980	0.08007590	0.0863393	0.0504792	0.0552731	0.0943746	0.165597	0.276473	0.405090	0.517893	0.594960	0.649928	0.710761	0.782754	0.856463	0.894863	0.871864	0.788629	0.6636500	0.5187520	0.3735580	0.2448740	0.14444900	0.07600760	0.035467900	0.014625500	5.31861e-03	1.70378e-03	6.31914e-04	#_13        
   14	1	1	0	0	1000	0.001298530	0.00345195	0.00204774	0.00817838	0.02749440	0.0572896	0.1339450	0.2432430	0.2606350	0.204480	0.209221	0.301576	0.438404	0.573069	0.670581	0.726681	0.762695	0.807168	0.844147	0.841811	0.781814	0.6692000	0.5257760	0.3777630	0.2467550	0.14544200	0.07677590	0.036069500	0.015011500	5.51732e-03	1.78731e-03	6.72414e-04	#_14        
   15	1	1	0	0	1000	0.002203450	0.00582048	0.00251509	0.00546404	0.01688950	0.0267307	0.0523418	0.1264510	0.2535740	0.407746	0.492723	0.461717	0.427861	0.484201	0.594943	0.690095	0.743123	0.778631	0.802299	0.799298	0.751239	0.6532270	0.5194920	0.3754980	0.2456010	0.14471200	0.07643320	0.036009500	0.015066100	5.57833e-03	1.82307e-03	6.94614e-04	#_15        
   16	1	1	0	0	1000	0.002349270	0.00622141	0.00308449	0.00919221	0.02734710	0.0339336	0.0376217	0.0691125	0.1293990	0.244098	0.426547	0.608799	0.693153	0.669348	0.631808	0.648246	0.696239	0.745443	0.774388	0.771234	0.726384	0.6363290	0.5110720	0.3726210	0.2450960	0.14482400	0.07660110	0.036142900	0.015162000	5.63780e-03	1.85332e-03	7.13025e-04	#_16        
   17	1	1	0	0	1000	0.007008910	0.01848140	0.00715433	0.01011180	0.03015840	0.0407621	0.0544195	0.0930167	0.1255250	0.165787	0.265185	0.435595	0.637900	0.787185	0.822708	0.777815	0.732281	0.732560	0.752225	0.752958	0.712894	0.6275790	0.5071480	0.3723570	0.2465160	0.14639100	0.07769200	0.036743600	0.015446900	5.75902e-03	1.90007e-03	7.35928e-04	#_17        
   18	1	1	0	0	1000	0.003226940	0.00862294	0.00621938	0.02935000	0.08665450	0.0993177	0.0797159	0.1091100	0.1520950	0.195149	0.255896	0.340610	0.474413	0.651966	0.804392	0.863558	0.834236	0.789585	0.762257	0.740472	0.696935	0.6154220	0.4998870	0.3690760	0.2457160	0.14667400	0.07817970	0.037099000	0.015637500	5.84364e-03	1.93279e-03	7.51801e-04	#_18        
   19	1	1	0	0	1000	0.005590790	0.01476630	0.00633494	0.01354040	0.04294240	0.0745708	0.1472840	0.2665220	0.3100170	0.286219	0.299601	0.353296	0.429231	0.535997	0.666351	0.777539	0.823847	0.817485	0.782571	0.735475	0.674367	0.5890520	0.4780970	0.3542110	0.2369280	0.14210800	0.07608550	0.036248100	0.015330200	5.74525e-03	1.90518e-03	7.43702e-04	#_19        
   20	1	1	0	0	1000	0.002022900	0.00542257	0.00433732	0.02214910	0.06617360	0.0819641	0.0912614	0.1694330	0.2983750	0.450128	0.553167	0.549002	0.511897	0.523770	0.585238	0.664200	0.726204	0.759939	0.755549	0.715414	0.647439	0.5564350	0.4472100	0.3303980	0.2213290	0.13319900	0.07159220	0.034236000	0.014528800	5.46122e-03	1.81572e-03	7.10942e-04	#_20        
   21	1	1	0	0	1000	0.003503330	0.00925164	0.00393604	0.00822674	0.02656520	0.0496895	0.1077590	0.2079060	0.2808630	0.355420	0.501995	0.665340	0.745910	0.721330	0.661952	0.637431	0.650596	0.680036	0.693616	0.672567	0.614327	0.5260580	0.4192350	0.3076240	0.2054600	0.12368600	0.06662930	0.031962200	0.013609000	5.13197e-03	1.71134e-03	6.72441e-04	#_21        
   22	1	1	0	0	1000	0.002261480	0.00601251	0.00357487	0.01397330	0.04163350	0.0514225	0.0575660	0.1119720	0.2141600	0.358888	0.510430	0.634698	0.749337	0.833662	0.834454	0.763559	0.686928	0.653905	0.646159	0.628824	0.581133	0.5010230	0.3992210	0.2917700	0.1940470	0.11652300	0.06274490	0.030134600	0.012858000	4.86089e-03	1.62508e-03	6.40532e-04	#_22        
   23	1	1	0	0	1000	0.003207490	0.00847905	0.00382530	0.00935175	0.02886120	0.0441316	0.0743059	0.1360120	0.1856870	0.247662	0.383652	0.573195	0.749450	0.865393	0.908429	0.878713	0.795575	0.714579	0.657099	0.612897	0.559513	0.4830870	0.3861450	0.2823770	0.1874750	0.11230600	0.06036790	0.028977100	0.012371900	4.68409e-03	1.56910e-03	6.20275e-04	#_23        
   24	1	1	0	0	1000	0.001498090	0.00400125	0.00283947	0.01326170	0.03980590	0.0508183	0.0606383	0.1093350	0.1768290	0.260806	0.362750	0.477978	0.629520	0.800552	0.921683	0.946695	0.887678	0.801944	0.716466	0.638601	0.562257	0.4768070	0.3791400	0.2771960	0.1841020	0.11025100	0.05922450	0.028419500	0.012140000	4.60313e-03	1.54564e-03	6.13614e-04	#_24        
   25	1	1	0	0	1000	0.001118610	0.00297107	0.00169568	0.00638086	0.02033550	0.0351378	0.0702102	0.1349370	0.1863360	0.238420	0.332932	0.456280	0.588382	0.724512	0.851534	0.931453	0.931106	0.875147	0.788735	0.690999	0.590530	0.4872280	0.3806430	0.2759130	0.1826210	0.10919100	0.05857280	0.028060900	0.011966200	4.53018e-03	1.51928e-03	6.02500e-04	#_25        
   26	1	1	0	0	1000	0.016499500	0.04342140	0.01464900	0.00519974	0.01466980	0.0222278	0.0390810	0.0846985	0.1544190	0.250104	0.355669	0.450783	0.555712	0.680456	0.801182	0.887925	0.918822	0.903081	0.842308	0.746821	0.632560	0.5115970	0.3915500	0.2794900	0.1832790	0.10905200	0.05835240	0.027911600	0.011886800	4.49446e-03	1.50556e-03	5.96370e-04	#_26        
   27	1	1	0	0	1000	0.005543700	0.01489330	0.01272280	0.06748540	0.19686900	0.2059870	0.0951635	0.0643638	0.0974566	0.165799	0.276853	0.412021	0.542744	0.654354	0.750286	0.827505	0.868670	0.876684	0.843228	0.766285	0.655964	0.5283940	0.3991540	0.2806180	0.1816730	0.10713400	0.05701130	0.027183200	0.011554500	4.36303e-03	1.45998e-03	5.77656e-04	#_27        
   28	1	1	0	0	1000	0.001213140	0.00328971	0.00358320	0.02202610	0.07266800	0.1405580	0.3066330	0.5414910	0.5450730	0.342159	0.235218	0.285705	0.409346	0.545491	0.657954	0.731382	0.766841	0.781198	0.766285	0.712043	0.620255	0.5036500	0.3797590	0.2646810	0.1694430	0.09887570	0.05218390	0.024738000	0.010475200	3.94577e-03	1.31813e-03	5.20700e-04	#_28        
   29	1	1	0	0	1000	0.001871240	0.00494288	0.00213710	0.00476037	0.01649330	0.0395383	0.1141110	0.2824590	0.5353600	0.813918	0.918119	0.740163	0.510980	0.444426	0.506442	0.588895	0.638658	0.661185	0.656619	0.619410	0.548204	0.4506700	0.3418250	0.2380450	0.1515060	0.08768320	0.04588900	0.021597300	0.009094880	3.41243e-03	1.13695e-03	4.48187e-04	#_29        
   30	1	1	0	0	1000	0.001138370	0.00302745	0.00182296	0.00723548	0.02162070	0.0273712	0.0351462	0.0853861	0.2135180	0.463834	0.808263	1.089880	1.130550	0.926729	0.680662	0.557001	0.541643	0.562729	0.570432	0.547249	0.491198	0.4087230	0.3127760	0.2187690	0.1391940	0.08023490	0.04173350	0.019508900	0.008163730	3.04693e-03	1.01104e-03	3.97105e-04	#_30        
   31	1	1	0	0	1000	0.017613900	0.04635260	0.01560130	0.00524049	0.01477830	0.0227908	0.0391386	0.0741582	0.1139880	0.197559	0.401147	0.733172	1.079460	1.251770	1.157970	0.904838	0.677623	0.567226	0.531106	0.506326	0.460047	0.3877330	0.2997300	0.2110950	0.1347710	0.07768610	0.04029570	0.018750000	0.007803510	2.89662e-03	9.56430e-04	3.73733e-04	#_31        
   32	1	1	0	0	1000	0.009109780	0.02430110	0.01647850	0.07356480	0.21429900	0.2238600	0.1019510	0.0658169	0.0950503	0.149900	0.243254	0.406950	0.673860	0.986816	1.187650	1.161020	0.958200	0.740911	0.590645	0.503074	0.438702	0.3684340	0.2869390	0.2037050	0.1307980	0.07562000	0.03923830	0.018225000	0.007559450	2.79407e-03	9.18367e-04	3.56858e-04	#_32        
   33	1	1	0	0	1000	0.002517730	0.00678656	0.00637377	0.03623590	0.11480700	0.1899970	0.3491230	0.5949130	0.5946440	0.365043	0.233801	0.270652	0.405817	0.608780	0.831422	0.973092	0.958967	0.831798	0.667719	0.524985	0.418207	0.3330020	0.2546350	0.1806100	0.1164780	0.06763550	0.03518920	0.016356100	0.006777380	2.49911e-03	8.18754e-04	3.16599e-04	#_33        
   34	1	1	0	0	1000	0.004386610	0.01158100	0.00484723	0.00966548	0.03223960	0.0685354	0.1750450	0.3929880	0.6585170	0.909920	0.983568	0.772971	0.513188	0.438165	0.525329	0.652010	0.723296	0.713264	0.630944	0.512930	0.396451	0.2981690	0.2175970	0.1506040	0.0963614	0.05596370	0.02919310	0.013602300	0.005643920	2.08141e-03	6.81284e-04	2.62822e-04	#_34        
   35	1	1	0	0	1000	0.001920000	0.00512608	0.00358585	0.01652040	0.04920900	0.0603229	0.0676940	0.1431090	0.3153720	0.612051	0.968927	1.205210	1.178930	0.928121	0.662638	0.540663	0.534575	0.552499	0.532778	0.466189	0.373454	0.2790700	0.1972450	0.1318750	0.0823711	0.04726100	0.02455150	0.011435700	0.004748310	1.75173e-03	5.73056e-04	2.20554e-04	#_35        
   36	1	1	0	0	1000	0.001861590	0.00493244	0.00251178	0.00795316	0.02521800	0.0429140	0.0837498	0.1585910	0.2205020	0.316288	0.548996	0.901526	1.220550	1.321390	1.155760	0.863842	0.626379	0.512199	0.464617	0.419156	0.352038	0.2710070	0.1921700	0.1263670	0.0770945	0.04334450	0.02222220	0.010281800	0.004258520	1.57027e-03	5.13725e-04	1.97618e-04	#_36        
   37	1	1	0	0	1000	0.001581320	0.00419655	0.00230435	0.00814844	0.02476050	0.0344810	0.0516183	0.1058290	0.1884450	0.302298	0.444637	0.625420	0.885261	1.166320	1.301810	1.196520	0.934875	0.686828	0.520638	0.420045	0.343990	0.2688770	0.1941550	0.1283680	0.0776915	0.04301830	0.02170880	0.009920750	0.004076760	1.49708e-03	4.88958e-04	1.88000e-04	#_37        
   38	1	1	0	0	1000	0.002103080	0.00556498	0.00264761	0.00730545	0.02233410	0.0324212	0.0508932	0.0967975	0.1502720	0.228865	0.363183	0.540522	0.742990	0.960480	1.152640	1.228040	1.127160	0.918815	0.693457	0.510870	0.380145	0.2824310	0.2015870	0.1337820	0.0811807	0.04476350	0.02236970	0.010102600	0.004107030	1.49599e-03	4.86046e-04	1.86275e-04	#_38        
   39	1	1	0	0	1000	0.014713400	0.03874670	0.01372830	0.01026000	0.02978720	0.0392598	0.0504916	0.0913620	0.1426180	0.210107	0.311426	0.446056	0.621370	0.825905	1.016690	1.137110	1.139160	1.034430	0.852373	0.646793	0.465272	0.3250130	0.2207080	0.1428260	0.0859548	0.04727310	0.02353610	0.010558200	0.004254930	1.53606e-03	4.95229e-04	1.88486e-04	#_39        
   40	1	1	0	0	1000	0.004245510	0.01147570	0.01154180	0.06689290	0.19607700	0.2116180	0.1223600	0.1189020	0.1570350	0.204276	0.283837	0.390475	0.523010	0.682918	0.851617	0.986461	1.040590	1.011040	0.898940	0.728474	0.541999	0.3759900	0.2466920	0.1536050	0.0899087	0.04869850	0.02406040	0.010736900	0.004302300	1.54258e-03	4.93661e-04	1.86232e-04	#_40        
   41	1	1	0	0	1000	0.005008260	0.01325570	0.00640032	0.01859020	0.06288880	0.1349960	0.3230040	0.5873520	0.6192600	0.441463	0.341645	0.362546	0.437041	0.541290	0.660121	0.768325	0.834420	0.849592	0.799841	0.687760	0.538213	0.3847840	0.2534400	0.1550460	0.0883503	0.04668620	0.02266260	0.010001300	0.003978480	1.41808e-03	4.51164e-04	1.68844e-04	#_41        
   42	1	1	0	0	1000	0.005316250	0.01407410	0.00686513	0.01987730	0.05993590	0.0814371	0.1209650	0.2747290	0.5532440	0.887217	1.041720	0.880737	0.629176	0.511032	0.519003	0.572078	0.619164	0.645354	0.632087	0.569986	0.467909	0.3483180	0.2354860	0.1452430	0.0821100	0.04263350	0.02029090	0.008804450	0.003458930	1.22221e-03	3.86379e-04	1.43620e-04	#_42        
   43	1	1	0	0	1000	0.011495200	0.03033380	0.01231900	0.02154560	0.06440990	0.0860629	0.1134640	0.2035440	0.3173470	0.504827	0.825377	1.139180	1.219410	1.020340	0.738043	0.560118	0.500685	0.497234	0.492026	0.457840	0.390742	0.3023970	0.2113040	0.1333140	0.0761138	0.03943010	0.01856080	0.007933090	0.003069640	1.07064e-03	3.35007e-04	1.23301e-04	#_43        
   44	1	1	0	0	1000	0.002899470	0.00784365	0.00804708	0.04718570	0.14013600	0.1654580	0.1499430	0.2209820	0.3087660	0.407102	0.575465	0.810493	1.062830	1.202790	1.116190	0.863843	0.616166	0.475463	0.413989	0.374980	0.325281	0.2593300	0.1869780	0.1212310	0.0706017	0.03696380	0.01742370	0.007401980	0.002833650	9.76103e-04	3.01778e-04	1.09643e-04	#_44        
   45	1	1	0	0	1000	0.002026440	0.00538548	0.00315754	0.01246940	0.04250450	0.0927917	0.2278530	0.4340090	0.5240330	0.517120	0.569590	0.683478	0.830491	0.982717	1.058450	0.985169	0.788852	0.582990	0.432242	0.339414	0.276121	0.2185010	0.1602580	0.1064050	0.0633730	0.03376360	0.01608820	0.006860940	0.002620460	8.96525e-04	2.74582e-04	9.84703e-05	#_45        
   46	1	1	0	0	1000	0.017596200	0.04632310	0.01602640	0.00899253	0.02646890	0.0414167	0.0804106	0.1980080	0.4117170	0.695177	0.901302	0.924333	0.878193	0.879696	0.907892	0.891967	0.793403	0.644431	0.487081	0.356161	0.261463	0.1927250	0.1377010	0.0916743	0.0554227	0.03004690	0.01453510	0.006265000	0.002405990	8.23573e-04	2.51333e-04	8.93343e-05	#_46        
   47	1	1	0	0	1000	0.003379060	0.00922797	0.01160510	0.07361710	0.21544700	0.2291470	0.1212640	0.1133540	0.1940440	0.363583	0.646768	0.953232	1.126130	1.103710	0.978561	0.853401	0.740486	0.627184	0.501794	0.376272	0.268572	0.1860620	0.1254820	0.0808767	0.0484908	0.02645000	0.01294860	0.005650850	0.002192190	7.55355e-04	2.31162e-04	8.20139e-05	#_47        
   48	1	1	0	0	1000	0.002734920	0.00725798	0.00399823	0.01468950	0.05235950	0.1292200	0.3395300	0.6228680	0.6478180	0.458937	0.408612	0.570772	0.823691	1.020720	1.053980	0.933031	0.754284	0.601095	0.475557	0.363393	0.262973	0.1798570	0.1169280	0.0722840	0.0420440	0.02261330	0.01105810	0.004856090	0.001900810	6.60626e-04	2.03516e-04	7.24960e-05	#_48        
   49	1	1	0	0	1000	0.001807280	0.00480465	0.00285163	0.01118960	0.03446880	0.0521533	0.0988835	0.2557900	0.5578380	0.932996	1.110230	0.960511	0.761251	0.743252	0.822702	0.837730	0.742647	0.601208	0.462371	0.344107	0.246897	0.1684980	0.1083450	0.0653966	0.0369284	0.01936270	0.00932056	0.004069350	0.001595200	5.57465e-04	1.72913e-04	6.20657e-05	#_49        
   50	1	1	0	0	1000	0.001843810	0.00488548	0.00249027	0.00785949	0.02431610	0.0372671	0.0652451	0.1358130	0.2489470	0.471793	0.848261	1.224980	1.351810	1.180100	0.925287	0.762305	0.667375	0.575880	0.464623	0.349248	0.247591	0.1664740	0.1057340	0.0629442	0.0348803	0.01788690	0.00843231	0.003625040	0.001408920	4.91194e-04	1.52657e-04	5.51126e-05	#_50        
   51	1	1	0	0	1000	0.003784010	0.00999301	0.00425206	0.00877198	0.02644650	0.0365259	0.0527482	0.1022710	0.1731250	0.289866	0.498337	0.811680	1.170560	1.399510	1.352250	1.092680	0.808992	0.613782	0.480963	0.368909	0.266615	0.1797450	0.1131330	0.0664431	0.0362608	0.01828070	0.00846199	0.003574750	0.001369570	4.72843e-04	1.46232e-04	5.27854e-05	#_51        
   52	1	1	0	0	1000	0.011918200	0.03143570	0.01239840	0.01910840	0.05609360	0.0682918	0.0693788	0.1108000	0.1638630	0.235817	0.364437	0.562352	0.834658	1.133280	1.330060	1.307590	1.086310	0.815988	0.588708	0.421910	0.297885	0.2011690	0.1270660	0.0743510	0.0401625	0.01996830	0.00910046	0.003783260	0.001427370	4.86263e-04	1.48845e-04	5.33287e-05	#_52        
   53	1	1	0	0	1000	0.020432200	0.05401010	0.02427530	0.05823440	0.17095900	0.1974560	0.1619120	0.2135110	0.2609620	0.281601	0.343098	0.453180	0.615368	0.828598	1.039790	1.153840	1.104930	0.935032	0.713775	0.505624	0.341748	0.2225860	0.1382560	0.0804610	0.0432795	0.02135390	0.00962305	0.003947130	0.001468220	4.93330e-04	1.49141e-04	5.27755e-05	#_53        
   54	1	1	0	0	1000	0.014558500	0.03869090	0.02262430	0.08673330	0.25942900	0.3259400	0.3568630	0.5384750	0.6117390	0.537335	0.496190	0.494088	0.517146	0.591112	0.702608	0.800818	0.829287	0.777161	0.654196	0.495887	0.343339	0.2210330	0.1338480	0.0762321	0.0404686	0.01980350	0.00885584	0.003598450	0.001323540	4.39270e-04	1.31158e-04	4.57412e-05	#_54        
   55	1	1	0	0	1000	0.005166030	0.01383040	0.01063370	0.05318010	0.16465200	0.2470590	0.4029990	0.7231910	0.9185880	0.952380	0.944767	0.831913	0.660140	0.544060	0.502036	0.503664	0.510908	0.500002	0.452431	0.370221	0.272751	0.1819830	0.1111050	0.0626231	0.0326924	0.01575940	0.00696774	0.002805410	0.001022700	3.36151e-04	9.93155e-05	3.41554e-05	#_55        
   56	1	1	0	0	1000	0.006139230	0.01623230	0.00740617	0.01876430	0.06027020	0.1099490	0.2391450	0.4983780	0.7775710	1.059990	1.281860	1.276890	1.077780	0.818670	0.587751	0.434196	0.355484	0.320050	0.290732	0.248875	0.194193	0.1365370	0.0864964	0.0496213	0.0259304	0.01238740	0.00540944	0.002152510	0.000776802	2.53047e-04	7.41155e-05	2.51977e-05	#_56        
   57	1	1	0	0	1000	0.003278000	0.00873085	0.00558742	0.02371880	0.07121030	0.0917554	0.1155570	0.2320510	0.4418000	0.760351	1.127260	1.384180	1.430070	1.251030	0.935107	0.623966	0.404028	0.284141	0.222635	0.182358	0.144460	0.1055510	0.0697013	0.0413610	0.0220755	0.01063120	0.00463272	0.001828720	0.000653254	2.10637e-04	6.11081e-05	2.05374e-05	#_57        
   58	1	1	0	0	1000	0.003601820	0.00953849	0.00473369	0.01426420	0.04453860	0.0711000	0.1282690	0.2421210	0.3420190	0.471740	0.731934	1.079330	1.368290	1.451650	1.285810	0.962461	0.629298	0.390732	0.249430	0.171606	0.124492	0.0893174	0.0600185	0.0366768	0.0201402	0.00990758	0.00436924	0.001730260	0.000616056	1.97234e-04	5.67215e-05	1.88454e-05	#_58        
   59	1	1	0	0	1000	0.014987100	0.03949720	0.01474310	0.01690700	0.05013100	0.0680295	0.0949853	0.1835500	0.3056450	0.461716	0.646163	0.838037	1.062220	1.273030	1.336490	1.183200	0.886208	0.589889	0.364339	0.220084	0.136541	0.0877140	0.0561817	0.0341618	0.0190517	0.00957348	0.00430357	0.001727390	0.000619273	1.98451e-04	5.68743e-05	1.87407e-05	#_59        
   60	1	1	0	0	1000	0.003675680	0.00998319	0.01121920	0.06831910	0.20125200	0.2245660	0.1582410	0.1951110	0.2751280	0.379655	0.547596	0.743943	0.926075	1.072110	1.154950	1.126720	0.964452	0.731180	0.494817	0.305144	0.177846	0.1019610	0.0586596	0.0333849	0.0181528	0.00912601	0.00415312	0.001692390	0.000614705	1.98741e-04	5.71954e-05	1.88274e-05	#_60        
   61	1	1	0	0	1000	0.039841600	0.10487000	0.03588970	0.01735250	0.05651690	0.1298540	0.3279190	0.6103650	0.6774130	0.557412	0.524848	0.608025	0.734338	0.857625	0.932053	0.926652	0.836208	0.692212	0.518932	0.349404	0.212927	0.1200430	0.0644237	0.0336031	0.0170346	0.00823086	0.00369460	0.001508730	0.000553151	1.80813e-04	5.25297e-05	1.74163e-05	#_61        
   62	1	1	0	0	1000	0.006848170	0.01869300	0.02329190	0.14725400	0.43061200	0.4560910	0.2406800	0.2573060	0.5051060	0.838847	1.026290	0.936153	0.758538	0.678391	0.674926	0.667387	0.616814	0.533371	0.425984	0.309441	0.202762	0.1200300	0.0649429	0.0327035	0.0155857	0.00707234	0.00303164	0.001207330	0.000438966	1.43762e-04	4.20462e-05	1.40731e-05	#_62        
   63	1	1	0	0	1000	0.007182150	0.01899780	0.00888484	0.02436120	0.08628860	0.2112100	0.5519560	1.0113900	1.0556100	0.769799	0.707682	0.874189	0.959673	0.849445	0.658931	0.513821	0.426537	0.364652	0.300540	0.229632	0.159680	0.1002120	0.0567073	0.0291038	0.0136949	0.00597824	0.00243850	0.000928358	0.000326990	1.05250e-04	3.05980e-05	1.02665e-05	#_63        
   64	1	1	0	0	1000	0.002965870	0.00791400	0.00542839	0.02463960	0.07435360	0.0994099	0.1463900	0.3525990	0.7616290	1.269850	1.511170	1.302820	0.983461	0.815360	0.705201	0.554939	0.400434	0.292768	0.223243	0.169695	0.121862	0.0801007	0.0475400	0.0253827	0.0122200	0.00533774	0.00213194	0.000783513	0.000265473	8.26517e-05	2.34738e-05	7.76487e-06	#_64        
   65	1	1	0	0	1000	0.003512030	0.00929008	0.00434301	0.01160330	0.03658010	0.0614056	0.1194830	0.2369880	0.3720430	0.607638	1.035580	1.476800	1.613420	1.365540	0.973741	0.662120	0.456113	0.317668	0.220438	0.153355	0.105788	0.0698732	0.0427041	0.0236615	0.0117857	0.00527105	0.00212289	0.000773639	0.000256336	7.74458e-05	2.13314e-05	6.84393e-06	#_65        
   66	1	1	0	0	1000	0.002237880	0.00595551	0.00368596	0.01511100	0.04547610	0.0594370	0.0765782	0.1485370	0.2636790	0.435914	0.679759	0.989801	1.331810	1.539110	1.439960	1.090400	0.707452	0.438276	0.275720	0.176962	0.113707	0.0716079	0.0431028	0.0241436	0.0123242	0.00566419	0.00233274	0.000860788	0.000285274	8.51858e-05	2.29830e-05	7.14503e-06	#_66        
   67	1	1	0	0	1000	0.006560280	0.01730320	0.00681856	0.01055920	0.03247400	0.0508169	0.0892586	0.1684020	0.2396780	0.328066	0.498150	0.743378	1.026880	1.286820	1.417400	1.323560	1.032650	0.700343	0.431381	0.253877	0.148294	0.0865060	0.0494706	0.0270178	0.0137510	0.00639755	0.00268564	0.001010060	0.000339433	1.01940e-04	2.74056e-05	8.37701e-06	#_67        
   68	1	1	0	0	1000	0.012277300	0.03243400	0.01408520	0.03075580	0.09019430	0.1046720	0.0902328	0.1386920	0.2245800	0.337092	0.473817	0.621452	0.808640	1.032620	1.216170	1.263830	1.135480	0.895704	0.622880	0.387137	0.221429	0.1205820	0.0638830	0.0328927	0.0161686	0.00742095	0.00312088	0.001186610	0.000404494	1.23074e-04	3.33708e-05	1.02059e-05	#_68        
   69	1	1	0	0	1000	0.012187600	0.03230710	0.01681000	0.05452750	0.16226500	0.1995730	0.2050900	0.3026030	0.3550740	0.355325	0.423866	0.556444	0.703476	0.847242	0.976591	1.052490	1.024470	0.899137	0.703248	0.487122	0.300389	0.1675330	0.0864319	0.0421123	0.0195555	0.00860585	0.00353567	0.001334000	0.000456069	1.39985e-04	3.83565e-05	1.18518e-05	#_69        
   70	1	1	0	0	1000	0.004810600	0.01287710	0.00985233	0.04895640	0.14932800	0.2074950	0.2929380	0.5003790	0.6214150	0.630188	0.638804	0.629996	0.630807	0.684566	0.759593	0.807786	0.801558	0.743627	0.631022	0.479984	0.324311	0.1947570	0.1048260	0.0512816	0.0231561	0.00975821	0.00384596	0.001408240	0.000473635	1.44632e-04	3.97256e-05	1.23770e-05	#_70        
   71	1	1	0	0	1000	0.004326960	0.01146420	0.00582799	0.01845300	0.05940030	0.1078620	0.2305290	0.4623520	0.6696850	0.839927	0.973220	0.965488	0.851302	0.736048	0.663227	0.628805	0.602761	0.566054	0.500915	0.405724	0.295345	0.1913650	0.1101170	0.0564883	0.0260481	0.01091100	0.00419115	0.001484000	0.000483987	1.44552e-04	3.92151e-05	1.21735e-05	#_71        
   72	1	1	0	0	1000	0.005197170	0.01374620	0.00638691	0.01669610	0.05055300	0.0704553	0.1069710	0.2279430	0.4306580	0.720230	1.020670	1.191060	1.189820	1.049180	0.843293	0.660291	0.537002	0.464413	0.405668	0.337732	0.258207	0.1776370	0.1088570	0.0592035	0.0286064	0.01233630	0.00478009	0.001676120	0.000534785	1.55606e-04	4.12289e-05	1.25488e-05	#_72        
   73	1	1	0	0	1000	0.026471600	0.06972570	0.02506870	0.02158120	0.06285670	0.0813479	0.0993624	0.1745460	0.2725770	0.426860	0.694381	1.015490	1.255190	1.299470	1.145410	0.891795	0.650276	0.484546	0.379657	0.302887	0.233154	0.1660050	0.1066770	0.0611194	0.0310620	0.01399250	0.00559902	0.001998200	0.000639177	1.84110e-04	4.79070e-05	1.42180e-05	#_73        
   74	1	1	0	0	1000	0.003277200	0.00910106	0.01513780	0.10420300	0.30612400	0.3334810	0.2042640	0.2121160	0.2757310	0.347438	0.482100	0.683646	0.928517	1.135630	1.190140	1.056740	0.815634	0.587936	0.417942	0.301617	0.218891	0.1538330	0.1006770	0.0597380	0.0316677	0.01489400	0.00620041	0.002285730	0.000747773	2.17790e-04	5.66687e-05	1.66031e-05	#_74        
   75	1	1	0	0	1000	0.006495520	0.01714100	0.00699045	0.01310390	0.05002360	0.1471460	0.4259360	0.7998470	0.8568400	0.634299	0.512355	0.544983	0.650430	0.789680	0.900821	0.910020	0.797339	0.625776	0.452859	0.312321	0.210904	0.1399200	0.0892886	0.0531842	0.0288394	0.01401090	0.00604598	0.002308370	0.000779012	2.32547e-04	6.15165e-05	1.81543e-05	#_75        
   76	1	1	0	0	1000	0.030675600	0.08079260	0.02888740	0.02357690	0.06772960	0.0830168	0.1001010	0.2487600	0.5933790	1.048550	1.281450	1.113300	0.821693	0.677569	0.666427	0.676866	0.639724	0.553246	0.434621	0.312287	0.209195	0.1332330	0.0812858	0.0470688	0.0253654	0.01246770	0.00550502	0.002162840	0.000752228	2.31077e-04	6.26714e-05	1.89162e-05	#_76        
   77	1	1	0	0	1000	0.005695090	0.01547400	0.01753520	0.10706300	0.31416900	0.3409260	0.2034260	0.2043180	0.2805080	0.441026	0.783456	1.175600	1.329810	1.153140	0.851786	0.635444	0.523112	0.453025	0.377246	0.289253	0.202569	0.1305580	0.0783467	0.0440751	0.0231782	0.01126740	0.00499137	0.001989440	0.000706850	2.22569e-04	6.19082e-05	1.92295e-05	#_77        
   78	1	1	0	0	1000	0.001888170	0.00505653	0.00394135	0.02041620	0.07131480	0.1656850	0.4200080	0.7728500	0.8235330	0.610028	0.526701	0.659238	0.898846	1.080530	1.052890	0.838373	0.592997	0.425927	0.324407	0.248875	0.180905	0.1209730	0.0740015	0.0415718	0.0215377	0.01028770	0.00450481	0.001792000	0.000641435	2.04938e-04	5.81039e-05	1.85370e-05	#_78        
   79	1	1	0	0	1000	0.003030300	0.00800102	0.00336734	0.00679327	0.02196800	0.0427457	0.1097710	0.2932100	0.6260510	1.039470	1.248600	1.099910	0.870251	0.808383	0.842856	0.810675	0.667896	0.491714	0.343408	0.238788	0.165807	0.1110620	0.0693328	0.0396386	0.0206586	0.00981810	0.00425456	0.001676430	0.000597485	1.91364e-04	5.47337e-05	1.77824e-05	#_79        
   80	1	1	0	0	1000	0.007627910	0.02011650	0.00785776	0.01157360	0.03394330	0.0416124	0.0461359	0.0957926	0.2194240	0.481388	0.896872	1.302730	1.448850	1.278030	0.999975	0.797151	0.659307	0.531635	0.397121	0.275276	0.181681	0.1159100	0.0708340	0.0405522	0.0213365	0.01021090	0.00442699	0.001736220	0.000614874	1.96045e-04	5.60454e-05	1.83343e-05	#_80        
   81	1	1	0	0	1000	0.004115180	0.01096630	0.00715594	0.03088170	0.09117410	0.1048670	0.0847027	0.1128760	0.1529070	0.224976	0.420281	0.770606	1.183680	1.451540	1.420250	1.153980	0.845231	0.617854	0.456406	0.326587	0.219596	0.1382710	0.0820389	0.0458398	0.0238709	0.01142590	0.00497180	0.001953880	0.000691179	2.19640e-04	6.25724e-05	2.04470e-05	#_81        
   82	1	1	0	0	1000	0.003806260	0.01009050	0.00527631	0.01742890	0.05467910	0.0885242	0.1600570	0.2841210	0.3294830	0.303671	0.332201	0.462806	0.716358	1.049460	1.301370	1.318140	1.108930	0.830287	0.584832	0.400193	0.265778	0.1679470	0.0994025	0.0547769	0.0280253	0.01323990	0.00572729	0.002248920	0.000796211	2.53046e-04	7.19970e-05	2.34695e-05	#_82        
   83	1	1	0	0	1000	0.004727910	0.01250820	0.00589135	0.01588890	0.04829400	0.0683618	0.1047400	0.2097190	0.3490580	0.499544	0.602266	0.607510	0.617094	0.740134	0.945934	1.103220	1.099140	0.950511	0.728071	0.507549	0.330903	0.2045920	0.1196440	0.0654724	0.0332029	0.01550380	0.00663092	0.002582910	0.000910706	2.89029e-04	8.22038e-05	2.67747e-05	#_83        
   84	1	1	0	0	1000	0.006894550	0.01822430	0.00817840	0.01961190	0.05872310	0.0768724	0.0969126	0.1729680	0.2686340	0.399613	0.586955	0.757559	0.837567	0.837320	0.840140	0.888685	0.925629	0.892961	0.769027	0.587447	0.402700	0.2521010	0.1461860	0.0789443	0.0395866	0.01830820	0.00775640	0.002993160	0.001046940	3.30379e-04	9.36508e-05	3.04444e-05	#_84        
   85	1	1	0	0	1000	0.023447700	0.06180470	0.02333520	0.02867900	0.08422400	0.1064180	0.1204910	0.1972330	0.2735630	0.352859	0.485943	0.654416	0.817825	0.922327	0.935085	0.888963	0.834646	0.790042	0.717222	0.594725	0.441127	0.2924270	0.1747220	0.0950500	0.0474034	0.02170880	0.00910502	0.003481070	0.001207230	3.78078e-04	1.06509e-04	3.44418e-05	#_85        
   86	1	1	0	0	1000	0.005854080	0.01581270	0.01563510	0.08997570	0.26529600	0.2984980	0.2179550	0.2677950	0.3411320	0.392516	0.476979	0.579407	0.691982	0.804642	0.873447	0.866613	0.798658	0.719410	0.637070	0.538952	0.420683	0.2961390	0.1864540	0.1051360	0.0533813	0.02453950	0.01024580	0.003885970	0.001335990	4.14971e-04	1.16040e-04	3.72377e-05	#_86        
   87	1	1	0	0	1000	0.013144700	0.03467070	0.01369200	0.02177760	0.07278210	0.1552870	0.3720690	0.6900790	0.7751360	0.646828	0.584062	0.599420	0.631614	0.674617	0.712684	0.719725	0.681864	0.619066	0.541696	0.454073	0.358430	0.2605760	0.1713380	0.1008870	0.0530494	0.02495210	0.01053270	0.004001560	0.001370230	4.22773e-04	1.17348e-04	3.73264e-05	#_87        
   88	1	1	0	0	1000	0.007911580	0.02101670	0.01205470	0.04499550	0.13296500	0.1562620	0.1492760	0.2835590	0.5699420	0.933657	1.145730	1.053300	0.838750	0.697742	0.634666	0.596560	0.553822	0.505563	0.446191	0.375221	0.297154	0.2186070	0.1471620	0.0894721	0.0487005	0.02363340	0.01021850	0.003941820	0.001359290	4.19672e-04	1.16087e-04	3.66588e-05	#_88        
   89	1	1	0	0	1000	0.003940850	0.01049380	0.00665593	0.02814720	0.08688420	0.1290700	0.2056700	0.3616660	0.4600300	0.555113	0.809346	1.121880	1.249970	1.110600	0.851000	0.638400	0.509660	0.435545	0.377507	0.317705	0.253131	0.1878420	0.1281500	0.0794601	0.0443518	0.02212920	0.00982899	0.003879810	0.001361110	4.24801e-04	1.18090e-04	3.72741e-05	#_89        
   90	1	1	0	0	1000	0.001212520	0.00325634	0.00275957	0.01476920	0.04638600	0.0746935	0.1396090	0.2822700	0.4402330	0.607303	0.777839	0.919764	1.068730	1.177040	1.118960	0.897519	0.645386	0.468303	0.361474	0.288958	0.227113	0.1689300	0.1162920	0.0730735	0.0414997	0.02114150	0.00960781	0.003880780	0.001390460	4.41624e-04	1.24368e-04	3.96106e-05	#_90        
   91	1	1	0	0	1000	0.002755000	0.00726857	0.00291859	0.00495888	0.01615080	0.0319395	0.0765451	0.1709160	0.3006950	0.487711	0.723221	0.932790	1.076700	1.150210	1.143790	1.033690	0.829431	0.611441	0.434447	0.311475	0.227256	0.1636320	0.1118890	0.0706996	0.0406167	0.02100710	0.00971742	0.004001850	0.001462610	4.73483e-04	1.35633e-04	4.39282e-05	#_91        
   92	1	1	0	0	1000	0.003017300	0.00798938	0.00393176	0.01153720	0.03406090	0.0404000	0.0396633	0.0757918	0.1598630	0.311826	0.533798	0.790882	1.032070	1.191110	1.225770	1.139430	0.964337	0.760442	0.561068	0.392960	0.267880	0.1800900	0.1179600	0.0732648	0.0420568	0.02192370	0.01026780	0.004292230	0.001594770	5.25171e-04	1.52999e-04	5.05218e-05	#_92        
   93	1	1	0	0	1000	0.005121180	0.01353100	0.00592743	0.01332970	0.04006220	0.0536993	0.0699119	0.1161500	0.1499600	0.192410	0.318361	0.544090	0.825752	1.084300	1.237060	1.237620	1.102880	0.909621	0.700725	0.504962	0.342903	0.2221180	0.1383410	0.0824380	0.0462281	0.02391790	0.01123440	0.004738080	0.001781920	5.95027e-04	1.75937e-04	5.92062e-05	#_93        
   94	1	1	0	0	1000	0.015311100	0.04037670	0.01572380	0.02283550	0.06717790	0.0835646	0.0905701	0.1463080	0.2027190	0.250403	0.315114	0.409735	0.577295	0.822068	1.059920	1.185380	1.154630	1.018860	0.826108	0.618635	0.429908	0.2789180	0.1701060	0.0979222	0.0530581	0.02678770	0.01242910	0.005230760	0.001976500	6.65892e-04	1.99122e-04	6.81041e-05	#_94        
   95	1	1	0	0	1000	0.034574600	0.09123280	0.03694580	0.06361050	0.18552300	0.2129910	0.1706300	0.2239980	0.2820110	0.314836	0.371702	0.436863	0.511246	0.626715	0.786899	0.938273	1.004110	0.968907	0.845254	0.669330	0.483902	0.3212560	0.1969530	0.1120480	0.0593010	0.02914710	0.01322150	0.005483850	0.002059330	6.94195e-04	2.08695e-04	7.21921e-05	#_95        
   96	1	1	0	0	1000	0.016663700	0.04439260	0.02863810	0.12226900	0.36222400	0.4261390	0.3743640	0.5029260	0.5655480	0.500438	0.473586	0.483183	0.496674	0.527004	0.581127	0.650839	0.706636	0.724506	0.680711	0.577439	0.441417	0.3051550	0.1917500	0.1100730	0.0579564	0.02804820	0.01246730	0.005070800	0.001875830	6.26712e-04	1.87832e-04	6.51947e-05	#_96        
   97	1	1	0	0	1000	0.003341600	0.00902637	0.00894836	0.05220260	0.16423900	0.2641250	0.4745590	0.8484840	1.0018900	0.914502	0.829467	0.723158	0.591888	0.503641	0.464200	0.454595	0.458945	0.466161	0.453382	0.406297	0.329094	0.2393960	0.1564580	0.0921683	0.0491349	0.02378500	0.01047610	0.004198900	0.001528470	5.03446e-04	1.49335e-04	5.15234e-05	#_97        
   98	1	1	0	0	1000	0.000724964	0.00195507	0.00186387	0.01084010	0.03696730	0.0812485	0.2118430	0.4727710	0.7895180	1.128080	1.346270	1.265930	1.000730	0.738673	0.541545	0.416741	0.351636	0.324911	0.307806	0.280518	0.236192	0.1798800	0.1228080	0.0750049	0.0410347	0.02016300	0.00892218	0.003562350	0.001284280	4.17763e-04	1.22369e-04	4.16918e-05	#_98        
   99	1	1	0	0	1000	0.001978810	0.00521674	0.00199349	0.00268877	0.00896775	0.0199571	0.0568836	0.1548580	0.3521640	0.691445	1.110740	1.434310	1.507870	1.299880	0.946186	0.625779	0.416718	0.309489	0.256995	0.222852	0.187726	0.1466370	0.1036890	0.0656560	0.0370846	0.01867990	0.00840277	0.003381920	0.001219890	3.94758e-04	1.14611e-04	3.85402e-05	#_99        
  100	1	1	0	0	1000	0.003017360	0.00797300	0.00350753	0.00794273	0.02325530	0.0267275	0.0236069	0.0470135	0.1191720	0.286934	0.596203	1.021230	1.420630	1.595670	1.456040	1.100730	0.722972	0.458304	0.307904	0.227475	0.177311	0.1359370	0.0972865	0.0631767	0.0367331	0.01901810	0.00875383	0.003583400	0.001306020	4.24350e-04	1.23043e-04	4.10656e-05	#_100       
-9999	0	0	0	0	   0	0.000000000	0.00000000	0.00000000	0.00000000	0.00000000	0.0000000	0.0000000	0.0000000	0.0000000	0.000000	0.000000	0.000000	0.000000	0.000000	0.000000	0.000000	0.000000	0.000000	0.000000	0.000000	0.000000	0.0000000	0.0000000	0.0000000	0.0000000	0.00000000	0.00000000	0.000000000	0.000000000	0.00000e+00	0.00000e+00	0.00000e+00	#_terminator
30 #_N_agebins
#
#_agebin_vector
1 2 3 4 5 6 7 8 9 10 11 12 13 14 15 16 17 18 19 20 21 22 23 24 25 26 27 28 29 30 #_agebin_vector
#
#_ageing_error
1 #_N_ageerror_definitions
#_age0	age1	age2	age3	age4	age5	age6	age7	age8	age9	age10	age11	age12	age13	age14	age15	age16	age17	age18	age19	age20	age21	age22	age23	age24	age25	age26	age27	age28	age29	age30
-1.000	-1.000	-1.000	-1.000	-1.000	-1.000	-1.000	-1.000	-1.000	-1.000	-1.000	-1.000	-1.000	-1.000	-1.000	-1.000	-1.000	-1.000	-1.000	-1.000	-1.000	-1.000	-1.000	-1.000	-1.000	-1.000	-1.000	-1.000	-1.000	-1.000	-1.000	#_1
 0.001	 0.001	 0.001	 0.001	 0.001	 0.001	 0.001	 0.001	 0.001	 0.001	 0.001	 0.001	 0.001	 0.001	 0.001	 0.001	 0.001	 0.001	 0.001	 0.001	 0.001	 0.001	 0.001	 0.001	 0.001	 0.001	 0.001	 0.001	 0.001	 0.001	 0.001	#_2
#
#_age_info
#_mintailcomp	addtocomp	combine_M_F	CompressBins	CompError	ParmSelect	minsamplesize
-1	1e-10	0	0	0	0	1	#_Fishery
-1	1e-10	0	0	0	0	1	#_Survey 
3 #_Lbin_method: 1=poplenbins; 2=datalenbins; 3=lengths
 #_combine males into females at or below this bin number
#_Yr	Seas	FltSvy	Gender	Part	Ageerr	Lbin_lo	Lbin_hi	Nsamp	a1	a2	a3	a4	a5	a6	a7	a8	a9	a10	a11	a12	a13	a14	a15	a16	a17	a18	a19	a20	a21	a22	a23	a24	a25	a26	a27	a28	a29	a30
    1	1	1	0	0	1	-1	-1	100	6.44769e-03	0.02178609	0.00862031	0.0306488	0.06118434	0.04857902	0.62680481	0.00474903	0.010767879	0.016902053	3.76816e-02	2.47221e-02	1.42612e-02	5.67670e-03	1.98488e-02	5.15414e-03	1.07036e-06	1.47663e-04	5.63772e-03	6.99320e-05	 2.72623e-04	 3.54707e-02	 7.42233e-03	 3.53385e-17	 7.91781e-13	 3.85246e-11	 1.08667e-11	 5.17690e-11	 1.40600e-03	 5.73733e-03	#_1         
    2	1	1	0	0	1	-1	-1	100	1.26310e-02	0.04031696	0.06024047	0.0103878	0.10471050	0.06265959	0.02775898	0.46005286	0.000570113	0.025621811	3.32990e-02	5.07519e-03	4.30319e-02	7.07763e-03	1.63904e-02	9.11207e-03	3.57068e-03	7.29888e-05	9.67450e-03	1.30796e-02	 3.53526e-02	 5.67053e-05	 1.70739e-02	 2.18242e-03	 1.60182e-07	 2.81075e-09	 3.03694e-08	 6.34156e-12	 2.53194e-37	 1.66691e-07	#_2         
    3	1	1	0	0	1	-1	-1	100	3.47942e-02	0.00529015	0.02436896	0.0633594	0.04714759	0.08690561	0.02751075	0.00861619	0.509864740	0.003592677	3.43527e-03	4.75177e-02	1.68338e-02	6.40704e-02	2.00924e-03	4.55286e-03	5.27788e-05	3.71266e-03	2.60912e-04	2.16400e-03	 2.41821e-03	 3.72173e-03	 2.68970e-04	 8.50498e-03	 7.40283e-04	 1.13202e-06	 8.16597e-06	 1.74625e-05	 3.59219e-40	 2.82591e-02	#_3         
    4	1	1	0	0	1	-1	-1	100	1.20281e-03	0.04021144	0.02036011	0.1098810	0.07275595	0.01864777	0.08591156	0.07670728	0.011660599	0.435965900	4.71465e-04	1.39607e-02	3.67616e-02	2.94702e-03	1.02550e-02	2.10532e-03	1.17738e-02	4.07980e-04	2.18420e-02	1.08127e-03	 7.30393e-03	 9.78366e-03	 1.53483e-04	 3.76100e-03	 2.34010e-03	 2.15210e-05	 9.26654e-04	 6.71109e-11	 1.04417e-07	 7.98881e-04	#_4         
    5	1	1	0	0	1	-1	-1	100	1.98078e-02	0.03882676	0.01259844	0.0395147	0.08038930	0.10984218	0.01731752	0.05354606	0.036758095	0.008867386	3.82432e-01	1.12792e-02	2.35940e-03	8.16664e-02	1.02658e-02	4.24946e-02	8.52065e-03	5.21112e-03	8.51690e-04	4.80080e-05	 6.17677e-04	 2.68102e-02	 1.96032e-03	 5.44119e-03	 1.28449e-07	 3.99491e-04	 3.01512e-04	 5.80732e-08	 1.76506e-13	 1.87247e-03	#_5         
    6	1	1	0	0	1	-1	-1	100	2.31439e-03	0.09348731	0.03841513	0.0731854	0.08641932	0.10892911	0.05994225	0.01864734	0.075202246	0.027823190	3.92125e-02	2.39783e-01	9.76356e-03	3.25138e-03	2.11333e-02	2.08632e-02	3.87389e-02	1.00681e-03	5.13457e-03	2.98555e-03	 3.74896e-04	 1.42704e-03	 4.08031e-04	 2.12116e-02	 4.26051e-03	 9.50796e-05	 5.18390e-03	 7.71786e-04	 2.06594e-21	 2.85451e-05	#_6         
    7	1	1	0	0	1	-1	-1	100	4.61455e-05	0.00488842	0.14395622	0.0211739	0.04606598	0.08095216	0.08004820	0.04912133	0.020339663	0.064604031	8.39562e-02	9.07433e-03	2.46273e-01	3.82443e-02	2.92236e-03	3.86076e-02	2.13598e-03	7.04455e-03	1.39108e-03	3.73768e-02	 4.51600e-08	 9.88389e-04	 7.59182e-04	 2.47319e-05	 1.31097e-03	 9.19263e-05	 3.35643e-07	 7.50607e-03	 6.82713e-03	 4.26951e-03	#_7         
    8	1	1	0	0	1	-1	-1	100	5.39992e-03	0.04458176	0.01081309	0.3443417	0.03586136	0.04096378	0.04966164	0.02041151	0.053383824	0.030638962	2.84796e-02	3.13902e-02	7.36183e-03	1.87253e-01	3.13968e-02	1.15280e-03	1.03162e-02	4.73220e-04	1.00689e-02	7.77353e-04	 7.07011e-03	 4.20040e-05	 1.26333e-03	 2.67222e-06	 2.31134e-02	 3.30398e-05	 6.05850e-03	 1.74833e-04	 6.70409e-03	 1.08105e-02	#_8         
    9	1	1	0	0	1	-1	-1	100	9.54415e-03	0.00591828	0.01147880	0.0254377	0.27663544	0.04942438	0.04952380	0.02289295	0.062601043	0.106794185	1.19535e-02	7.71424e-02	5.05120e-03	8.40589e-03	2.05840e-01	4.98284e-03	1.21723e-03	4.75246e-02	5.38658e-04	2.84642e-03	 2.28340e-06	 1.24682e-03	 3.65425e-03	 3.13473e-05	 3.91577e-05	 1.42942e-04	 1.51560e-03	 1.56251e-04	 1.13357e-04	 7.34442e-03	#_9         
   10	1	1	0	0	1	-1	-1	100	2.12858e-03	0.02811245	0.06289206	0.0506223	0.05801765	0.23419403	0.03773807	0.01846044	0.062291191	0.041309982	3.99318e-02	2.12136e-02	6.31124e-02	6.06469e-03	1.84493e-02	1.72745e-01	7.85677e-04	2.25897e-03	2.17855e-02	2.39111e-02	 2.12211e-03	 7.00294e-03	 8.81428e-03	 4.21859e-03	 1.57772e-07	 1.98756e-04	 1.29616e-03	 2.00977e-04	 5.36135e-05	 1.00680e-02	#_10        
   11	1	1	0	0	1	-1	-1	100	1.73878e-04	0.06283291	0.02976269	0.0850124	0.00623651	0.06629918	0.25696983	0.04263000	0.056039644	0.004531692	2.23358e-02	3.15767e-02	1.40752e-02	4.08587e-02	1.43223e-02	7.14543e-03	1.19621e-01	1.16872e-04	3.00667e-03	3.69861e-02	 1.17943e-04	 5.70897e-02	 9.59257e-04	 3.04925e-02	 5.25094e-04	 2.19207e-06	 6.17072e-05	 1.83900e-03	 3.26156e-06	 8.37572e-03	#_11        
   12	1	1	0	0	1	-1	-1	100	5.27406e-03	0.01148842	0.06826970	0.1091463	0.04173026	0.01278982	0.02282564	0.28537164	0.053099934	0.022106926	3.21740e-02	7.52101e-02	3.80783e-02	2.40422e-03	4.89836e-02	2.78408e-02	2.21028e-03	1.00527e-01	5.19963e-04	3.73250e-05	 1.37018e-02	 1.69186e-02	 2.08459e-03	 2.81474e-03	 1.34946e-04	 1.18260e-07	 4.35835e-04	 1.80562e-03	 1.11546e-04	 1.90429e-03	#_12        
   13	1	1	0	0	1	-1	-1	100	2.62691e-02	0.00878030	0.02679012	0.1122687	0.04238792	0.06498483	0.02426286	0.04376064	0.186490742	0.042292511	1.75864e-02	4.35377e-02	4.49377e-02	3.88834e-02	1.50015e-02	6.16963e-03	3.48857e-03	2.50317e-03	1.85936e-01	3.15700e-03	 1.02286e-02	 2.03664e-02	 2.47074e-05	 5.06370e-03	 2.35770e-04	 1.86653e-02	 2.92482e-04	 2.22396e-04	 4.79675e-16	 5.41164e-03	#_13        
   14	1	1	0	0	1	-1	-1	100	2.99943e-03	0.09457965	0.04245556	0.0620568	0.11368729	0.04435720	0.07296379	0.02726715	0.014725059	0.180135243	6.29900e-02	1.72964e-02	1.97438e-02	4.41273e-02	2.77574e-02	1.58700e-03	3.03675e-02	4.26817e-03	4.39647e-03	9.56006e-02	 6.35806e-04	 2.07720e-03	 2.21191e-03	 1.66463e-05	 1.80281e-03	 9.93971e-09	 4.96675e-03	 1.82301e-07	 6.57841e-09	 2.49268e-02	#_14        
   15	1	1	0	0	1	-1	-1	100	8.78241e-03	0.02358829	0.13896722	0.0488528	0.03740275	0.13207939	0.02631315	0.07776760	0.008230361	0.041092323	2.36138e-01	1.66055e-02	1.41613e-02	6.54299e-02	1.02368e-02	2.05906e-02	2.83588e-03	4.08401e-03	1.12941e-02	4.26744e-03	 5.00113e-02	 2.29351e-04	 1.25079e-09	 1.51957e-03	 3.80374e-03	 7.05774e-03	 2.53905e-05	 9.56749e-05	 4.45661e-10	 8.53696e-03	#_15        
   16	1	1	0	0	1	-1	-1	100	1.46450e-02	0.03826308	0.03204114	0.2280296	0.02885393	0.07293564	0.09723201	0.03658177	0.041535275	0.029763934	5.25683e-03	1.16528e-01	3.49330e-02	9.26946e-03	8.60079e-03	4.02530e-02	9.35021e-03	1.89283e-02	2.48581e-02	9.04807e-03	 1.14269e-02	 7.27621e-02	 4.75376e-11	 1.44263e-06	 4.49190e-03	 6.66132e-03	 1.43466e-03	 2.71278e-03	 6.63350e-05	 3.53560e-03	#_16        
   17	1	1	0	0	1	-1	-1	100	1.69070e-02	0.02103178	0.01096895	0.0657846	0.30036850	0.02394902	0.06137707	0.08194906	0.041509118	0.046308532	8.74298e-03	4.82835e-03	1.29698e-01	1.45961e-02	1.66849e-02	2.60919e-02	1.79956e-02	1.04033e-02	7.46273e-03	1.40122e-02	 2.35460e-03	 2.38038e-02	 3.59568e-02	 2.50306e-05	 2.45813e-05	 1.89857e-03	 1.28130e-05	 4.03719e-03	 4.95376e-05	 1.11676e-02	#_17        
   18	1	1	0	0	1	-1	-1	100	2.43285e-02	0.03533610	0.02903812	0.0467056	0.06451847	0.20711543	0.01407166	0.07275594	0.071471548	0.073310286	1.71145e-02	4.24231e-05	1.20346e-02	1.43164e-01	5.45421e-03	8.23204e-03	6.92040e-03	9.96340e-03	1.41188e-02	1.84765e-02	 1.77274e-02	 3.61618e-04	 1.00535e-03	 9.19796e-02	 3.33903e-09	 3.48185e-05	 7.97965e-04	 3.43815e-07	 3.67939e-03	 1.02415e-02	#_18        
   19	1	1	0	0	1	-1	-1	100	9.02280e-03	0.08459050	0.06942610	0.0480330	0.06743110	0.03092075	0.20524403	0.04236246	0.026682126	0.033838139	4.01348e-02	3.19760e-02	3.64799e-03	8.17633e-03	9.20080e-02	6.02307e-03	4.29415e-03	1.43310e-02	4.84990e-03	2.88607e-02	 1.29505e-02	 1.29929e-02	 9.52768e-03	 7.87062e-04	 9.29837e-02	 5.65240e-07	 6.15129e-08	 1.07417e-03	 7.09138e-06	 1.78234e-02	#_19        
   20	1	1	0	0	1	-1	-1	100	2.93822e-02	0.01449717	0.18704294	0.0435216	0.08044149	0.04215703	0.08205767	0.12163486	0.003299034	0.015715406	9.42339e-02	7.15390e-03	2.33476e-02	8.75472e-03	1.16160e-04	1.08527e-01	3.04683e-04	3.18895e-02	5.09061e-03	1.71017e-03	 3.47461e-03	 8.61833e-03	 1.90786e-02	 1.35539e-02	 6.81423e-04	 5.19111e-02	 2.93990e-04	 3.61334e-08	 2.94352e-04	 1.21585e-03	#_20        
   21	1	1	0	0	1	-1	-1	100	4.05975e-04	0.03849602	0.06383269	0.1648509	0.06657619	0.09648839	0.03744006	0.01281361	0.191277138	0.023125013	1.93235e-02	3.81975e-02	3.64906e-02	2.25937e-02	3.86150e-02	4.49657e-04	9.05825e-02	7.96693e-03	1.06907e-02	7.55058e-03	 3.77489e-04	 7.19758e-03	 5.34937e-03	 1.77229e-03	 1.20100e-03	 4.57558e-07	 1.02284e-02	 2.80816e-17	 4.23313e-04	 5.68340e-03	#_21        
   22	1	1	0	0	1	-1	-1	100	8.21334e-03	0.01541809	0.15817277	0.0667680	0.16318993	0.05095896	0.05409039	0.02321783	0.039014219	0.119009956	2.59334e-02	2.04619e-02	5.44361e-02	2.61574e-02	1.47458e-02	2.39031e-04	1.78011e-03	1.09689e-01	2.73571e-03	2.67130e-03	 6.31126e-04	 4.97896e-03	 1.35958e-02	 7.05094e-03	 3.74229e-03	 1.01441e-09	 2.03701e-05	 8.46441e-03	 2.34696e-09	 4.61302e-03	#_22        
   23	1	1	0	0	1	-1	-1	100	1.96050e-02	0.03334399	0.03570913	0.1311508	0.14001119	0.20043368	0.05036466	0.01894120	0.012350744	0.038206277	1.02229e-01	1.76432e-02	1.78120e-03	4.71768e-02	1.95545e-02	7.61756e-03	3.76039e-03	1.14571e-03	3.47753e-02	4.21791e-07	 6.17899e-03	 1.59435e-02	 8.21014e-04	 4.99304e-03	 7.86431e-04	 6.30194e-03	 1.34629e-03	 7.00513e-03	 3.84215e-02	 2.40103e-03	#_23        
   24	1	1	0	0	1	-1	-1	100	2.48122e-02	0.02641306	0.08864466	0.0472995	0.08555592	0.06933912	0.19746584	0.06531827	0.038830882	0.021414598	1.29518e-02	8.10378e-02	4.38199e-04	1.09547e-02	1.97111e-02	1.44075e-03	1.87696e-02	2.94447e-02	1.03207e-03	5.60232e-02	 1.22088e-02	 1.50444e-03	 5.75955e-05	 1.08940e-02	 2.43315e-02	 2.06360e-05	 3.58983e-03	 1.19591e-03	 1.05514e-04	 4.91937e-02	#_24        
   25	1	1	0	0	1	-1	-1	100	1.18807e-02	0.01366808	0.01325129	0.0698728	0.06281781	0.15745204	0.16506205	0.16007534	0.045943584	0.026228783	1.64300e-02	2.01095e-02	1.10066e-01	4.11984e-04	6.33077e-03	4.94142e-03	1.86716e-02	1.15744e-02	6.33032e-04	2.27373e-03	 3.13400e-02	 2.30199e-05	 1.92085e-03	 1.18083e-05	 2.05806e-02	 5.85232e-03	 9.55869e-05	 1.06847e-02	 6.00190e-06	 1.17897e-02	#_25        
   26	1	1	0	0	1	-1	-1	100	1.62456e-02	0.04355059	0.11176666	0.0539287	0.12284807	0.03590264	0.09158366	0.06202631	0.094022984	0.050423870	3.60435e-02	3.03448e-02	1.70788e-02	5.70469e-02	6.69461e-03	5.73627e-03	1.56698e-02	1.24579e-02	8.54761e-03	5.41472e-03	 2.31086e-03	 4.24361e-02	 1.03681e-04	 3.65919e-04	 2.96868e-05	 7.01254e-03	 5.27917e-03	 6.89994e-09	 8.02907e-05	 6.50477e-02	#_26        
   27	1	1	0	0	1	-1	-1	100	6.09836e-02	0.02105555	0.03085789	0.0718043	0.06090111	0.11884283	0.05665034	0.11955869	0.076862395	0.126252080	2.23495e-02	5.42913e-02	6.00477e-03	1.72134e-02	4.02402e-02	1.34389e-02	1.14086e-03	5.56795e-03	1.94941e-02	2.12490e-03	 2.30759e-05	 1.60483e-02	 1.18640e-02	 1.49435e-03	 3.38490e-03	 4.97211e-05	 6.29866e-05	 1.46432e-02	 7.12675e-15	 2.67947e-02	#_27        
   28	1	1	0	0	1	-1	-1	100	3.45611e-02	0.16150258	0.02003872	0.0583400	0.07794334	0.06976490	0.10442495	0.03326964	0.097709255	0.043403742	7.05166e-02	3.66160e-02	1.97601e-02	1.94606e-02	6.30719e-03	4.97314e-02	2.29440e-03	1.95447e-03	4.04495e-03	1.38488e-02	 3.01004e-03	 1.08050e-07	 1.61854e-03	 2.29392e-02	 7.24353e-03	 4.48085e-06	 8.89663e-10	 1.13406e-03	 1.33201e-03	 3.72253e-02	#_28        
   29	1	1	0	0	1	-1	-1	100	1.56981e-03	0.02376275	0.32898734	0.0277645	0.01684224	0.08766214	0.06444425	0.06547798	0.041823028	0.048290089	2.93108e-02	1.10838e-01	1.75205e-02	4.09397e-03	3.89703e-03	2.19160e-02	1.71320e-02	7.48157e-04	3.79821e-03	1.34266e-02	 2.48246e-02	 1.01123e-02	 1.12111e-04	 8.46535e-09	 1.09925e-02	 7.98361e-05	 1.76858e-03	 9.39119e-04	 9.12728e-04	 2.09532e-02	#_29        
   30	1	1	0	0	1	-1	-1	100	7.16749e-03	0.01015333	0.08436847	0.4453588	0.00288295	0.02753820	0.08630560	0.03190071	0.052502164	0.026592621	3.39584e-02	1.53497e-02	1.34616e-02	5.95412e-03	8.76424e-03	1.62281e-05	1.12937e-02	1.39519e-02	6.42528e-09	1.30971e-05	 4.14655e-03	 2.87345e-03	 3.73246e-04	 1.81075e-12	 3.36872e-03	 7.98687e-02	 2.33850e-02	 1.99321e-03	 3.64218e-16	 6.45764e-03	#_30        
   31	1	1	0	0	1	-1	-1	100	1.73121e-02	0.04242165	0.01071726	0.1534527	0.33320973	0.01089637	0.05156700	0.09412151	0.032285157	0.059457851	1.45395e-02	4.27497e-02	1.05635e-02	3.72265e-02	7.05909e-03	1.46593e-03	2.11437e-03	9.52652e-04	1.36394e-02	1.27537e-03	 9.67900e-03	 4.09841e-03	 7.25252e-04	 1.02346e-03	 2.69888e-07	 1.75749e-10	 2.09532e-02	 1.35737e-09	 8.57313e-03	 1.79200e-02	#_31        
   32	1	1	0	0	1	-1	-1	100	6.73514e-02	0.03008992	0.02500655	0.0369554	0.10065767	0.39228946	0.00913612	0.01740260	0.038503847	0.034378716	4.13275e-02	2.52109e-02	2.43906e-02	3.75953e-03	3.41469e-02	6.21147e-03	1.11948e-02	1.54565e-05	4.00997e-03	2.21543e-02	 1.18597e-07	 3.62207e-05	 4.83557e-03	 1.35341e-02	 1.36674e-02	 3.53019e-03	 7.26110e-13	 6.61404e-03	 2.36541e-02	 9.93525e-03	#_32        
   33	1	1	0	0	1	-1	-1	100	2.49555e-02	0.17818548	0.03228492	0.0286975	0.07227077	0.05861282	0.28562580	0.03691006	0.053382845	0.027450503	1.10448e-02	1.77748e-02	2.09688e-02	2.12045e-02	3.63584e-02	4.37245e-02	2.67208e-03	2.16637e-04	4.43578e-08	1.06852e-04	 1.04460e-02	 5.68113e-08	 1.45231e-07	 5.82716e-04	 6.41380e-04	 2.02955e-02	 2.33194e-03	 1.58758e-03	 1.76593e-04	 1.14906e-02	#_33        
   34	1	1	0	0	1	-1	-1	100	2.10638e-03	0.07013167	0.32308801	0.0124242	0.03242458	0.03618918	0.08258921	0.28432229	0.016986318	0.027536335	2.71932e-02	1.55745e-02	1.02182e-02	2.72209e-03	1.07397e-02	9.18849e-03	2.60780e-02	1.11311e-03	1.11051e-03	1.55701e-04	 1.12899e-03	 9.49251e-04	 6.01421e-04	 4.36397e-06	 9.19195e-05	 1.18049e-03	 8.00123e-05	 2.64505e-03	 6.12343e-32	 1.42682e-03	#_34        
   35	1	1	0	0	1	-1	-1	100	1.69513e-02	0.02735498	0.12155555	0.3563713	0.04165288	0.04483719	0.02791710	0.05734097	0.167932303	0.014198674	5.74905e-03	3.38015e-03	1.12417e-02	7.92569e-03	5.61784e-03	6.97771e-03	1.46070e-02	2.72044e-03	2.85229e-06	1.34206e-06	 1.24625e-03	 6.74816e-07	 9.45065e-03	 2.75237e-13	 1.69546e-04	 1.02910e-08	 2.64321e-07	 1.28943e-05	 1.48190e-18	 5.47836e-02	#_35        
   36	1	1	0	0	1	-1	-1	100	1.65984e-03	0.02994564	0.05098935	0.2239960	0.45447141	0.00917305	0.01646598	0.01278728	0.028720962	0.101118139	1.73957e-05	2.19673e-02	1.17897e-03	4.11958e-03	1.86144e-03	2.82104e-04	1.78088e-02	4.38859e-03	1.41240e-02	2.24462e-03	 3.75426e-06	 2.63244e-10	 9.34220e-05	 9.02614e-04	 3.27869e-17	 1.05830e-07	 6.18544e-05	 3.00552e-05	 3.92403e-08	 1.58774e-03	#_36        
   37	1	1	0	0	1	-1	-1	100	2.72581e-02	0.03222862	0.04823273	0.0425223	0.15698078	0.35334341	0.01638515	0.02992807	0.008680422	0.027610486	1.21433e-01	1.80799e-04	1.46821e-02	3.79711e-03	2.08917e-03	3.51373e-03	2.19047e-04	2.67799e-02	4.41613e-02	4.04068e-04	 2.00056e-03	 2.04009e-05	 3.65684e-08	 3.97440e-04	 2.85761e-03	 1.82230e-21	 1.85679e-22	 1.25822e-02	 9.51204e-03	 1.21998e-02	#_37        
   38	1	1	0	0	1	-1	-1	100	9.17936e-03	0.02952079	0.00970654	0.1791658	0.07882364	0.17970868	0.28410058	0.00780275	0.048203690	0.007030873	3.83008e-02	7.87094e-02	3.36314e-03	9.72294e-05	1.71005e-03	2.81807e-03	5.06940e-03	7.88917e-04	6.18278e-03	1.35189e-03	 8.04823e-03	 3.76893e-03	 2.77320e-07	 2.67626e-03	 7.72524e-04	 2.47457e-05	 3.71510e-29	 4.03256e-21	 1.21020e-05	 1.30625e-02	#_38        
   39	1	1	0	0	1	-1	-1	100	3.32736e-03	0.02393626	0.03917379	0.0341068	0.10861545	0.08166427	0.22076999	0.33930736	0.001546746	0.015902190	7.85566e-03	1.22426e-02	4.97345e-02	4.24772e-04	8.50143e-03	1.43059e-02	5.33272e-05	4.12525e-03	1.45014e-09	4.74285e-03	 1.69025e-07	 6.86735e-03	 6.41764e-08	 1.20883e-03	 2.32559e-14	 2.99310e-07	 5.28849e-03	 3.32427e-34	 2.74413e-05	 1.62708e-02	#_39        
   40	1	1	0	0	1	-1	-1	100	1.03551e-01	0.04711191	0.03984776	0.0887550	0.04670298	0.06993691	0.06039835	0.15902085	0.258779255	0.015731811	2.88797e-03	1.89272e-03	1.69179e-02	3.12664e-02	2.31952e-04	3.92544e-03	7.88091e-03	2.09191e-02	4.37255e-03	5.70842e-03	 7.67958e-03	 4.32675e-03	 4.83101e-04	 6.59006e-08	 9.26140e-10	 2.67891e-24	 1.47929e-12	 4.28019e-07	 1.28913e-07	 1.67126e-03	#_40        
   41	1	1	0	0	1	-1	-1	100	1.37373e-02	0.25785847	0.05253681	0.0499557	0.05706656	0.01712060	0.13316098	0.03877715	0.115348954	0.156173645	1.14387e-02	8.12539e-03	1.56944e-03	1.56705e-02	3.02592e-02	1.33442e-04	1.19894e-02	2.39016e-03	9.50300e-03	1.31992e-03	 1.15514e-06	 8.77784e-04	 8.39736e-03	 3.06142e-03	 7.78116e-10	 3.72648e-12	 3.29579e-14	 7.35384e-15	 3.34604e-04	 3.19240e-03	#_41        
   42	1	1	0	0	1	-1	-1	100	1.49089e-02	0.04479868	0.36933594	0.0276909	0.05186050	0.02840128	0.06883773	0.03731318	0.013789696	0.121519134	1.32355e-01	4.94954e-05	2.94016e-03	1.98321e-04	2.19540e-02	4.00567e-02	1.39117e-03	4.57024e-14	6.16065e-03	4.08194e-06	 8.64099e-03	 2.88137e-15	 1.62180e-05	 3.94812e-08	 4.70697e-03	 9.37666e-22	 3.07978e-10	 1.81284e-12	 7.27899e-20	 3.07043e-03	#_42        
   43	1	1	0	0	1	-1	-1	100	1.52116e-02	0.06359477	0.08188676	0.3330456	0.04386328	0.02752380	0.01624158	0.09887651	0.102272284	0.056411750	6.10302e-02	5.62828e-02	2.46488e-04	1.83305e-04	5.45067e-03	4.17073e-03	1.71148e-02	1.61701e-04	7.71265e-10	8.30308e-04	 2.08324e-08	 9.41506e-03	 2.30372e-11	 4.22514e-05	 5.94085e-04	 7.10875e-06	 2.06086e-27	 2.37875e-31	 9.84906e-07	 5.54160e-03	#_43        
   44	1	1	0	0	1	-1	-1	100	6.67476e-02	0.10610143	0.10246510	0.0860601	0.36329663	0.05328715	0.03780262	0.01708295	0.055102522	0.053187218	1.46509e-02	1.75646e-02	1.85828e-02	3.84155e-08	7.19926e-06	1.79216e-11	6.62800e-05	7.88732e-03	4.90700e-05	2.82714e-09	 1.43570e-06	 1.11140e-05	 2.32369e-05	 3.41257e-07	 1.40635e-05	 8.22892e-09	 6.50724e-18	 2.91065e-11	 3.18249e-12	 8.33789e-06	#_44        
   45	1	1	0	0	1	-1	-1	100	4.37677e-03	0.18565337	0.14318610	0.0684014	0.11817683	0.34998470	0.00942921	0.01283549	0.008138544	0.009681483	1.01969e-02	9.56616e-04	1.10488e-02	3.53574e-02	1.08057e-05	2.16493e-03	7.45563e-03	4.23163e-03	1.70189e-02	4.46584e-12	 4.37108e-04	 3.50987e-04	 1.09378e-04	 7.93778e-04	 3.77650e-12	 2.97156e-08	 9.60684e-08	 1.09654e-10	 7.43289e-32	 3.14480e-06	#_45        
   46	1	1	0	0	1	-1	-1	100	1.23563e-02	0.03402872	0.20147901	0.1250027	0.20265560	0.04914221	0.19551341	0.04574789	0.027843609	0.006231553	2.48345e-02	3.07477e-03	1.41710e-02	3.63282e-03	1.83960e-02	6.45362e-04	2.23179e-03	7.85822e-06	2.32217e-04	1.21478e-02	 8.89881e-07	 2.16976e-05	 5.64477e-03	 1.00812e-03	 3.63625e-03	 1.72122e-15	 1.03132e-02	 6.33895e-10	 1.04320e-13	 2.91165e-08	#_46        
   47	1	1	0	0	1	-1	-1	100	3.63042e-02	0.01732604	0.10549803	0.3281262	0.13132319	0.07681442	0.04507912	0.13561467	0.055427484	0.003317099	2.69854e-03	1.49985e-04	7.63647e-03	4.48578e-03	2.10734e-02	2.56544e-02	2.17865e-08	5.68216e-08	1.65712e-16	9.39991e-08	 3.50590e-04	 6.96308e-04	 2.10800e-03	 6.16974e-08	 4.02178e-11	 3.40626e-31	 1.58069e-41	 6.01508e-05	 3.53991e-18	 2.55684e-04	#_47        
   48	1	1	0	0	1	-1	-1	100	5.89271e-03	0.29814133	0.04887709	0.0263819	0.25537211	0.08982970	0.11152129	0.04064173	0.081505187	0.004510633	1.47580e-04	1.19360e-03	7.44568e-03	1.78417e-03	6.80056e-04	4.91992e-03	5.07985e-03	4.83033e-09	5.20021e-14	9.00336e-04	 1.45696e-02	 5.34919e-04	 7.00656e-05	 1.97654e-11	 1.43923e-07	 6.63993e-19	 1.66309e-30	 1.39362e-79	 1.30748e-33	 4.57222e-07	#_48        
   49	1	1	0	0	1	-1	-1	100	3.67820e-03	0.04620007	0.34757006	0.0518836	0.04064579	0.22326140	0.05777690	0.04933721	0.023404426	0.091248403	1.40236e-02	5.88088e-03	1.21558e-03	6.57664e-03	1.52904e-02	7.83240e-06	3.43538e-03	6.39742e-03	5.15383e-09	6.62329e-10	 6.25061e-75	 2.37089e-03	 6.43783e-03	 3.16872e-33	 3.42369e-07	 3.31724e-08	 3.07156e-61	 7.34107e-10	 5.47055e-53	 3.35706e-03	#_49        
   50	1	1	0	0	1	-1	-1	100	6.22203e-02	0.02594388	0.03911265	0.3635771	0.02625053	0.09519031	0.18504741	0.10663252	0.054370697	0.009203870	2.93286e-02	5.13329e-04	1.38876e-03	1.21670e-05	2.37876e-04	2.51120e-06	1.66287e-08	4.94791e-04	2.67416e-04	1.21042e-08	 1.41343e-09	 5.96004e-11	 3.61246e-05	 1.21058e-06	 9.56782e-17	 5.12868e-41	 6.83677e-65	 2.92151e-30	 1.64473e-96	 1.67966e-04	#_50        
   51	1	1	0	0	1	-1	-1	100	2.56142e-02	0.02740270	0.03411341	0.0549373	0.41753996	0.03965617	0.03614744	0.17718052	0.099692522	0.019987944	8.16732e-04	1.85114e-02	2.73297e-04	2.15656e-02	6.53832e-04	9.06329e-04	3.80316e-03	2.18898e-04	5.54455e-04	8.16456e-03	 5.42542e-46	 4.61124e-19	 2.37454e-29	 2.17832e-09	 6.07462e-04	1.44770e-119	 5.26392e-46	 1.12276e-02	 4.02687e-04	 2.17489e-05	#_51        
   52	1	1	0	0	1	-1	-1	100	8.20822e-03	0.06035920	0.04767032	0.1115767	0.12462216	0.40588080	0.01603840	0.02303941	0.069980972	0.045096323	6.58997e-03	2.19434e-02	2.45942e-02	1.36540e-05	1.56453e-09	2.56573e-09	1.21004e-03	1.71640e-04	1.31406e-08	3.42253e-03	 2.92393e-02	 1.40222e-24	 2.18706e-28	 1.09522e-60	 7.98085e-05	 2.07527e-04	 6.95542e-27	 5.63875e-32	 7.30135e-28	 5.54686e-05	#_52        
   53	1	1	0	0	1	-1	-1	100	2.05132e-02	0.04840681	0.13470876	0.0769064	0.08679222	0.06128577	0.34452244	0.01437926	0.050574350	0.095305643	3.01772e-02	1.43825e-02	3.42331e-03	7.42346e-03	4.17295e-03	6.98044e-04	1.11338e-06	2.70187e-06	1.10821e-07	6.40105e-05	 4.30840e-03	 4.38783e-04	 8.50920e-06	 4.31580e-07	 4.21737e-65	 4.06927e-18	 1.50357e-03	3.33954e-142	4.26668e-112	 2.34332e-14	#_53        
   54	1	1	0	0	1	-1	-1	100	8.85045e-02	0.21044882	0.11609365	0.0596856	0.05574352	0.05871982	0.05838994	0.17051429	0.026559881	0.021990632	5.98474e-02	1.40422e-03	1.26883e-02	1.30733e-02	4.34688e-02	2.98189e-05	5.59435e-10	1.78994e-03	6.13836e-15	3.64516e-11	 3.22279e-04	 3.65429e-05	 4.67985e-04	 5.87630e-23	 4.15902e-12	 2.75192e-08	 3.51586e-10	 2.20815e-04	 1.93698e-59	 1.21952e-08	#_54        
   55	1	1	0	0	1	-1	-1	100	5.33416e-02	0.16463124	0.27930847	0.1144296	0.03491260	0.02738592	0.06188380	0.03154799	0.128326888	0.001701338	1.18511e-02	5.97221e-02	2.76098e-03	1.04866e-02	1.18345e-03	4.73629e-03	3.00752e-05	7.49098e-04	8.14845e-03	1.20480e-12	 2.41174e-03	 1.02528e-13	 3.21698e-04	 8.86413e-05	1.63823e-146	5.27449e-110	 1.94810e-19	 1.10022e-05	 2.91933e-05	 3.86281e-37	#_55        
   56	1	1	0	0	1	-1	-1	100	3.68380e-03	0.09276166	0.29314241	0.2703379	0.07533500	0.04567498	0.05050521	0.05444319	0.013277097	0.085645847	4.37391e-06	1.53216e-03	8.37047e-03	3.90890e-03	4.22097e-04	3.52292e-04	9.16245e-07	1.71660e-09	5.86872e-04	1.12301e-22	 1.48158e-05	 2.17010e-14	 7.63678e-75	 4.27241e-12	 1.00632e-08	8.98848e-311	 9.64266e-71	3.49056e-318	1.67852e-103	 2.44061e-08	#_56        
   57	1	1	0	0	1	-1	-1	100	9.93057e-03	0.04547409	0.28212101	0.2889975	0.18177521	0.07323724	0.01594261	0.00213047	0.000999507	0.001185893	6.25673e-02	5.72315e-04	9.72240e-05	2.44421e-02	9.05793e-04	1.16424e-05	4.07455e-20	4.14089e-03	3.72598e-13	5.46748e-03	 6.90055e-08	 1.48752e-52	 9.73584e-07	 2.34193e-32	 4.91019e-35	 9.17066e-09	 0.00000e+00	3.50675e-105	1.82804e-322	2.31447e-113	#_57        
   58	1	1	0	0	1	-1	-1	100	2.57688e-02	0.08252233	0.08002905	0.2415884	0.29145287	0.18513478	0.04224757	0.00648460	0.004768341	0.004187448	8.80910e-03	1.41629e-02	2.53445e-06	9.71434e-03	2.76198e-03	1.14966e-04	8.93117e-09	5.34830e-09	8.71089e-05	5.12019e-21	 1.62075e-04	 1.43020e-35	 7.55089e-07	 1.63593e-15	 1.66763e-19	 1.37153e-32	 4.31304e-24	 0.00000e+00	 0.00000e+00	 1.21253e-07	#_58        
   59	1	1	0	0	1	-1	-1	100	2.92362e-02	0.03437501	0.11419111	0.0555949	0.23790634	0.32438200	0.10840896	0.05155595	0.013679330	0.003816991	3.99975e-04	3.12350e-03	1.95359e-02	2.00605e-08	1.01052e-06	1.81613e-03	4.02253e-05	3.21410e-07	4.28293e-12	1.93618e-03	 1.24692e-19	4.95857e-147	 3.02841e-24	2.37791e-303	 1.63008e-15	 0.00000e+00	 1.28391e-22	 2.59845e-40	 0.00000e+00	 1.27412e-35	#_59        
   60	1	1	0	0	1	-1	-1	100	5.01093e-02	0.05115273	0.10136461	0.1973056	0.09839577	0.20830697	0.13922071	0.09888397	0.025809939	0.003972445	6.81007e-04	9.82442e-06	6.84252e-04	1.93296e-02	2.26015e-03	6.01677e-04	3.80717e-05	1.86978e-03	4.54293e-10	9.17635e-08	 3.54375e-06	 1.55364e-15	 5.50892e-16	 1.04506e-20	 2.25010e-35	2.95258e-155	 0.00000e+00	 3.89702e-59	 1.54122e-11	 3.85072e-18	#_60        
   61	1	1	0	0	1	-1	-1	100	3.51857e-02	0.12687194	0.11006187	0.1069582	0.08750404	0.07225881	0.16124993	0.17031246	0.081517719	0.024360817	6.05476e-03	2.30487e-05	1.29019e-03	8.17983e-03	6.05597e-03	8.12819e-15	2.97797e-10	1.12671e-04	4.58336e-15	3.03846e-19	 1.67978e-03	 4.00977e-05	 2.82150e-04	 3.01191e-90	 0.00000e+00	 1.64082e-08	 1.39449e-90	8.40265e-110	 5.04543e-18	 5.11313e-36	#_61        
   62	1	1	0	0	1	-1	-1	100	1.03339e-01	0.01521269	0.35572716	0.0904647	0.11956478	0.06132470	0.03909697	0.07874277	0.038498209	0.042674941	1.98292e-02	6.48261e-05	3.13910e-04	1.82934e-05	1.32861e-06	5.73141e-03	2.90242e-02	8.50843e-07	1.94456e-05	9.17132e-13	 3.50329e-04	 5.63530e-15	 2.35044e-08	 0.00000e+00	 2.58431e-34	 8.44891e-25	 0.00000e+00	7.12940e-105	3.51648e-183	 1.33531e-13	#_62        
   63	1	1	0	0	1	-1	-1	100	1.55582e-02	0.30303959	0.05297020	0.2782358	0.06509482	0.02334091	0.09010351	0.01222121	0.056070089	0.084013528	1.71272e-02	3.57527e-05	1.32221e-04	1.48515e-03	2.47413e-05	3.72634e-05	5.09282e-04	3.63331e-09	6.18861e-11	3.82631e-07	 8.48385e-10	 1.56111e-38	1.31271e-266	 8.65127e-09	 0.00000e+00	 0.00000e+00	 0.00000e+00	1.01364e-188	4.20807e-124	 9.96544e-08	#_63        
   64	1	1	0	0	1	-1	-1	100	4.54048e-03	0.02916306	0.53994527	0.0325675	0.22495936	0.03240574	0.04359058	0.01601439	0.038206348	0.011057206	1.36526e-02	5.90583e-03	4.75756e-03	3.92714e-04	4.61969e-06	1.25875e-17	7.39646e-05	8.64173e-04	7.78489e-63	8.47413e-05	 1.81389e-03	 6.69775e-97	 4.48310e-23	 1.84677e-09	5.25106e-124	1.90184e-118	1.63767e-280	1.00455e-239	 0.00000e+00	 1.75423e-52	#_64        
   65	1	1	0	0	1	-1	-1	100	1.76256e-03	0.12641892	0.06937764	0.5047345	0.09236350	0.12316064	0.00671404	0.03437356	0.020186251	0.000858742	2.52909e-03	1.61730e-02	1.42206e-04	8.16456e-12	8.02510e-07	5.24159e-05	7.80198e-10	8.49403e-13	1.15215e-03	4.55114e-97	 1.74158e-09	 1.28403e-20	 4.73095e-20	 0.00000e+00	 0.00000e+00	 5.54664e-17	5.57083e-285	 0.00000e+00	 0.00000e+00	 1.16137e-61	#_65        
   66	1	1	0	0	1	-1	-1	100	7.17355e-03	0.01036845	0.13945430	0.0932389	0.45587864	0.02751384	0.13229386	0.02943371	0.053113599	0.012621089	6.81914e-03	7.89912e-03	1.11056e-02	3.22762e-04	3.93263e-03	1.86216e-10	5.99291e-18	4.94051e-04	5.51523e-55	8.33677e-03	2.11138e-231	 1.13983e-34	 2.67205e-41	 1.82114e-44	 0.00000e+00	7.12651e-164	 1.96093e-94	 0.00000e+00	 0.00000e+00	 1.61271e-45	#_66        
   67	1	1	0	0	1	-1	-1	100	9.67907e-03	0.04048897	0.03580322	0.1125174	0.16087063	0.44821792	0.06467598	0.05268507	0.008915041	0.006679779	2.93163e-03	2.43360e-03	2.86416e-02	7.75595e-04	2.06320e-02	5.55629e-12	4.05065e-03	9.52150e-26	1.67282e-07	1.52378e-08	 1.64895e-06	 3.94144e-42	6.43991e-200	 8.28385e-52	 3.13159e-70	6.18018e-118	 0.00000e+00	 0.00000e+00	 0.00000e+00	2.38908e-143	#_67        
   68	1	1	0	0	1	-1	-1	100	2.94376e-02	0.03148511	0.05281428	0.0640700	0.14023996	0.09513517	0.40098461	0.02958177	0.118313013	0.008500149	1.01708e-03	1.98000e-02	2.72967e-04	4.09599e-03	1.50942e-04	4.09211e-03	9.07741e-06	1.73564e-07	3.78591e-22	1.87007e-10	 6.05622e-61	 5.78817e-28	 1.09009e-46	2.78042e-200	 2.97066e-47	 0.00000e+00	 0.00000e+00	 5.64425e-10	1.44503e-108	 0.00000e+00	#_68        
   69	1	1	0	0	1	-1	-1	100	2.48826e-02	0.07851322	0.06286905	0.1000819	0.14341907	0.14675623	0.08610525	0.26668558	0.007519492	0.025984899	2.79533e-02	4.48490e-03	1.28748e-04	5.73526e-05	4.26255e-03	4.77833e-04	2.56936e-05	6.60362e-11	3.23755e-15	8.84210e-11	1.76644e-169	6.80382e-183	 6.56354e-12	9.44492e-232	 0.00000e+00	 1.97924e-02	4.90283e-245	 3.41852e-38	 0.00000e+00	4.84118e-135	#_69        
   70	1	1	0	0	1	-1	-1	100	4.60271e-02	0.18283882	0.15764868	0.0647619	0.11182383	0.03217283	0.12744929	0.03795540	0.189775583	0.007484400	2.23495e-02	5.28764e-03	1.38372e-04	4.60827e-04	2.56535e-03	2.84368e-03	1.05051e-04	8.31169e-03	1.04781e-07	7.18533e-72	 1.02668e-29	 4.75066e-34	 3.61512e-77	 7.85651e-12	6.96747e-216	 0.00000e+00	1.77799e-184	 0.00000e+00	 0.00000e+00	 0.00000e+00	#_70        
   71	1	1	0	0	1	-1	-1	100	1.18751e-02	0.20561693	0.35235471	0.1320969	0.03691306	0.05005579	0.02659361	0.01492630	0.031769651	0.090422928	2.38242e-03	4.01782e-02	4.79024e-05	3.20411e-03	9.52210e-04	2.64717e-08	5.27483e-04	1.11340e-05	7.14977e-05	2.77419e-27	 6.72284e-11	 7.92628e-17	 1.10033e-65	 1.78022e-21	 2.40643e-17	2.02514e-105	1.72685e-194	 1.22783e-47	 0.00000e+00	1.24066e-294	#_71        
   72	1	1	0	0	1	-1	-1	100	5.92823e-03	0.07806946	0.20729247	0.2675720	0.10691865	0.05744079	0.02551834	0.04511922	0.055051271	0.036167703	6.14327e-02	1.99735e-03	3.82454e-02	6.87883e-04	5.18345e-03	6.63001e-03	2.06515e-09	1.10364e-04	1.21484e-13	1.14963e-05	 1.83843e-23	 6.23261e-04	6.51430e-104	 6.71099e-24	 0.00000e+00	1.93374e-159	 0.00000e+00	1.24811e-230	 1.97575e-92	 0.00000e+00	#_72        
   73	1	1	0	0	1	-1	-1	100	1.38900e-02	0.05171485	0.07602151	0.2571132	0.25154616	0.15061151	0.05730504	0.03122901	0.016696851	0.030087289	1.34751e-02	2.67785e-02	3.16753e-03	1.31357e-03	6.60781e-08	5.17035e-04	6.01583e-05	8.09527e-31	9.34440e-14	5.40254e-20	 9.41024e-16	 2.77752e-44	 1.83823e-54	 1.84725e-02	5.87040e-195	 0.00000e+00	 4.53631e-29	 0.00000e+00	 0.00000e+00	 4.54852e-95	#_73        
   74	1	1	0	0	1	-1	-1	100	4.70336e-02	0.05401366	0.08218597	0.1597275	0.20373778	0.25247285	0.06206151	0.03812569	0.045733311	0.010617014	5.44137e-03	2.93366e-04	2.22174e-02	6.57488e-05	6.50260e-03	4.01723e-03	1.02220e-03	5.92410e-07	4.63213e-03	9.84232e-05	 4.56831e-10	 2.79655e-40	3.85799e-156	 2.42738e-28	 0.00000e+00	2.62509e-105	2.37349e-285	 7.11627e-69	 0.00000e+00	7.18195e-249	#_74        
   75	1	1	0	0	1	-1	-1	100	7.76016e-05	0.19711378	0.11539574	0.1163364	0.10276800	0.21354830	0.14855865	0.01504382	0.003542363	0.027528559	1.88058e-02	7.52746e-03	1.00034e-02	1.11007e-02	8.19684e-03	1.79173e-03	2.04753e-07	9.23402e-19	6.60150e-32	2.66062e-03	 2.75452e-28	 6.22924e-26	 1.39618e-33	4.54564e-289	 0.00000e+00	 0.00000e+00	 0.00000e+00	 0.00000e+00	1.22169e-205	 0.00000e+00	#_75        
   76	1	1	0	0	1	-1	-1	100	3.31971e-02	0.01436055	0.34054398	0.0729765	0.07818673	0.04565398	0.15215369	0.14785847	0.036086168	0.000443959	2.23963e-02	8.77104e-05	1.49853e-03	3.07968e-03	1.41737e-02	1.80136e-06	3.75025e-04	4.87657e-07	3.69138e-02	8.91131e-06	 2.48366e-36	 1.14172e-12	 7.94393e-10	 2.81524e-06	 2.26117e-53	 0.00000e+00	 0.00000e+00	 0.00000e+00	 0.00000e+00	 1.32990e-92	#_76        
   77	1	1	0	0	1	-1	-1	100	4.27982e-02	0.04669827	0.03013422	0.4228442	0.09249703	0.05431422	0.01234162	0.13115215	0.029852054	0.038273808	2.27456e-02	1.32097e-02	3.43352e-03	3.81647e-02	1.49923e-07	2.10495e-02	1.04302e-10	4.89505e-04	2.51468e-16	1.86492e-10	 1.41580e-06	 1.89599e-22	 1.25129e-14	 2.67973e-92	 4.13806e-33	4.75442e-128	 0.00000e+00	 0.00000e+00	 0.00000e+00	 0.00000e+00	#_77        
   78	1	1	0	0	1	-1	-1	100	1.17038e-02	0.26114063	0.08392375	0.0331184	0.39739467	0.03901300	0.02698161	0.01562043	0.060507531	0.048653928	2.85366e-03	8.10310e-05	5.92760e-03	6.19142e-04	6.74656e-05	4.20160e-03	8.13198e-03	1.32557e-16	1.33661e-06	4.52130e-31	 1.39894e-32	 3.58138e-29	 1.76182e-18	3.33109e-108	2.21920e-109	 1.78963e-99	 5.84467e-05	3.29304e-265	 0.00000e+00	 0.00000e+00	#_78        
   79	1	1	0	0	1	-1	-1	100	9.57801e-04	0.02531586	0.36457225	0.1091670	0.04367534	0.25128164	0.06276715	0.01721647	0.022145759	0.036547481	2.59539e-02	2.55269e-02	1.67141e-03	1.23031e-03	2.88764e-06	7.17083e-03	3.20020e-06	4.79313e-03	6.83605e-36	7.11107e-07	 7.67873e-75	 1.03717e-97	 4.24307e-40	5.75812e-252	5.74677e-111	 8.75364e-22	 0.00000e+00	 0.00000e+00	 0.00000e+00	 5.80238e-60	#_79        
   80	1	1	0	0	1	-1	-1	100	1.20915e-02	0.01776160	0.09682233	0.4620657	0.04421957	0.04849589	0.22974502	0.02864115	0.011245244	0.010185685	2.66666e-02	4.09603e-03	5.83202e-03	1.41183e-03	4.89316e-07	1.48107e-09	4.24750e-06	1.49414e-06	2.35357e-05	2.63750e-34	 6.90069e-04	 4.26874e-34	 1.84341e-52	 8.37160e-64	5.56831e-294	6.08313e-206	 1.68077e-90	3.26072e-237	 0.00000e+00	2.61902e-149	#_80        
   81	1	1	0	0	1	-1	-1	100	1.47926e-02	0.03667455	0.02131114	0.0531775	0.47465690	0.04228901	0.07907374	0.19161506	0.016334983	0.012717730	7.24582e-03	5.78395e-03	3.05795e-03	2.00570e-02	1.66157e-05	1.82651e-02	2.09027e-17	2.29461e-04	7.98140e-12	2.64947e-08	 7.87566e-23	 3.38351e-12	 2.70094e-03	1.60690e-280	2.42188e-140	1.59808e-285	7.14448e-100	 6.30759e-84	 0.00000e+00	2.41857e-154	#_81        
   82	1	1	0	0	1	-1	-1	100	7.22880e-03	0.11851622	0.05288104	0.0269532	0.05733489	0.37164455	0.08696733	0.04919949	0.145599592	0.022891374	8.76215e-03	1.22081e-02	1.88041e-02	1.89481e-02	1.12768e-03	8.44459e-07	5.88208e-05	3.66442e-04	3.08296e-06	1.33202e-04	 4.31337e-05	 1.18352e-90	 2.84560e-10	 2.40654e-71	 2.69964e-04	 5.79231e-05	1.40409e-202	2.21850e-285	2.39471e-149	4.79896e-213	#_82        
   83	1	1	0	0	1	-1	-1	100	4.21477e-03	0.09811116	0.21219160	0.0595673	0.03657824	0.06888844	0.29290363	0.04406200	0.020115196	0.110236976	1.83871e-02	7.06831e-05	1.61429e-04	8.73687e-03	1.05226e-02	1.88635e-05	4.87372e-13	2.79743e-05	5.63310e-04	4.92286e-07	 1.14637e-06	 1.32276e-07	 7.91876e-09	 1.46401e-02	2.93819e-109	 0.00000e+00	 0.00000e+00	 0.00000e+00	2.25822e-256	2.71127e-280	#_83        
   84	1	1	0	0	1	-1	-1	100	2.20483e-02	0.02851594	0.05471004	0.1700789	0.08356209	0.04355401	0.08963649	0.34990070	0.024379883	0.010206861	8.92348e-02	1.17193e-02	2.49937e-03	1.57737e-03	8.56621e-03	8.89499e-03	2.22665e-04	3.29765e-09	5.04049e-16	5.27751e-04	 3.28285e-17	 1.95318e-47	 1.64393e-04	 3.98427e-15	 1.08661e-54	1.69674e-125	 1.91564e-18	1.12936e-131	1.32243e-233	 3.00520e-64	#_84        
   85	1	1	0	0	1	-1	-1	100	2.23595e-02	0.04684345	0.16983971	0.1488666	0.16771869	0.05860955	0.01118328	0.07135469	0.214986351	0.026526753	1.88466e-03	4.00207e-02	2.17548e-03	4.67980e-05	1.18531e-04	6.92670e-03	1.47005e-03	7.08473e-03	2.33014e-13	7.07658e-17	 4.54556e-05	 8.32770e-05	 1.03244e-11	 1.85507e-03	 4.86224e-93	 7.10444e-21	 4.88774e-83	 0.00000e+00	6.31433e-204	 0.00000e+00	#_85        
   86	1	1	0	0	1	-1	-1	100	6.78672e-02	0.06561010	0.07268579	0.0672393	0.14120460	0.19376534	0.03633256	0.01978862	0.024495419	0.140566601	1.99982e-02	1.02719e-02	9.09717e-02	3.57892e-04	2.01366e-02	1.58365e-02	1.57088e-03	1.20190e-06	9.52044e-08	2.11905e-09	 8.24485e-03	 9.56472e-25	 1.80321e-03	 1.25129e-03	 6.93824e-08	3.03347e-109	 1.10494e-09	1.51007e-272	 4.29856e-38	 1.05175e-15	#_86        
   87	1	1	0	0	1	-1	-1	100	3.42307e-02	0.25241276	0.10391454	0.1142611	0.08813246	0.04885210	0.09316314	0.04061437	0.005358711	0.048088163	1.24503e-01	1.62337e-03	7.74036e-04	3.96525e-02	5.49618e-05	1.90564e-03	1.35446e-05	2.10793e-04	1.33158e-03	9.02598e-04	 9.95913e-10	 1.32089e-29	 8.11491e-60	 3.42391e-13	 5.52733e-22	 6.76790e-08	1.10814e-138	 5.80678e-41	1.40474e-153	 3.60074e-09	#_87        
   88	1	1	0	0	1	-1	-1	100	7.21105e-02	0.03473944	0.34438621	0.1275693	0.10231406	0.04804647	0.07789054	0.06107389	0.013011966	0.009405198	1.58124e-02	4.83891e-02	2.56400e-03	1.96480e-03	6.73651e-03	4.55284e-03	8.37316e-04	2.31944e-08	2.24780e-02	1.83342e-05	 2.92512e-11	 1.50766e-20	 1.76660e-17	 1.35218e-81	 3.25778e-39	 5.82978e-22	 5.23369e-24	6.58539e-129	 6.09909e-03	4.21550e-297	#_88        
   89	1	1	0	0	1	-1	-1	100	4.22624e-02	0.11250134	0.03528529	0.3659714	0.10114833	0.09236863	0.07203309	0.04382288	0.043739439	0.001725384	5.26528e-04	3.19448e-04	4.07773e-02	3.43208e-02	4.92164e-03	4.17787e-03	2.25882e-03	6.23943e-04	2.84261e-11	6.75389e-04	 5.07014e-04	 3.18242e-05	7.07903e-126	 1.27808e-06	 2.92999e-22	4.37832e-158	 3.04277e-13	 3.30997e-75	1.86134e-127	 0.00000e+00	#_89        
   90	1	1	0	0	1	-1	-1	100	1.53560e-02	0.04324173	0.17737213	0.1198605	0.28451763	0.06976096	0.09018538	0.04380871	0.024825023	0.044095252	2.00778e-02	4.62195e-06	1.84802e-02	1.74327e-02	2.52568e-02	1.02505e-04	4.14613e-03	3.41973e-13	7.06084e-04	2.20095e-05	 4.75678e-08	 8.51435e-18	 5.88055e-04	 1.70900e-45	 2.18636e-48	 3.02060e-08	 4.98855e-80	 1.89528e-50	 1.59783e-04	 2.55189e-14	#_90        
   91	1	1	0	0	1	-1	-1	100	4.27055e-06	0.03880513	0.09913557	0.2118350	0.09630765	0.31281349	0.06954827	0.03029226	0.009281012	0.013517028	3.28935e-02	9.37101e-03	1.12358e-02	7.20205e-04	2.61732e-02	3.53455e-03	1.38180e-03	2.14638e-02	5.02076e-05	3.64615e-05	 2.03612e-13	 4.34977e-13	 4.28553e-16	 1.15998e-02	1.90101e-166	 1.14105e-19	5.21091e-117	 8.60122e-60	1.10272e-196	 1.29002e-46	#_91        
   92	1	1	0	0	1	-1	-1	100	1.10393e-02	0.00516458	0.06373891	0.2532736	0.20263469	0.03419612	0.27446249	0.06289762	0.014081713	0.016805952	6.39006e-03	2.46153e-02	6.86742e-03	4.13141e-04	1.87146e-04	2.10004e-02	3.30519e-04	1.88984e-11	5.48271e-04	1.14153e-03	 5.35821e-34	 1.07039e-57	 1.98950e-04	 1.15278e-05	 1.67902e-39	 3.51102e-14	 9.26984e-41	 6.39167e-97	 4.63503e-22	 8.18184e-07	#_92        
   93	1	1	0	0	1	-1	-1	100	1.45324e-02	0.02362638	0.02221533	0.1745201	0.13241235	0.27430314	0.08325030	0.17626881	0.036722717	0.012203383	2.16642e-03	6.13533e-03	1.92124e-03	3.13085e-06	8.96937e-03	4.95036e-03	9.02811e-03	4.66258e-07	1.34503e-16	1.39148e-04	 1.20084e-02	 1.86045e-05	 4.60449e-03	 1.03664e-20	 5.73350e-09	 9.42715e-16	 7.72122e-59	9.16792e-232	 0.00000e+00	 2.11115e-18	#_93        
   94	1	1	0	0	1	-1	-1	100	4.79775e-03	0.04978663	0.03741341	0.0345740	0.10704212	0.19965837	0.18338310	0.06120117	0.150191869	0.016442212	1.71671e-02	4.94802e-02	2.42805e-03	4.12695e-02	5.06617e-03	1.28176e-10	1.52572e-02	2.21365e-02	7.43507e-06	9.62309e-09	 2.69710e-03	 2.52858e-12	 3.21781e-11	 1.92839e-27	 1.19092e-11	 1.58812e-22	 6.26924e-08	7.57864e-105	1.54073e-282	 6.30931e-75	#_94        
   95	1	1	0	0	1	-1	-1	100	3.94023e-02	0.07513361	0.04144812	0.1104595	0.02870560	0.06523665	0.12829536	0.23196040	0.062138924	0.131065147	1.83401e-02	1.67448e-02	3.24365e-04	1.61880e-02	1.30163e-02	3.75472e-04	1.30964e-02	2.21582e-05	5.56717e-04	4.66467e-04	 1.61054e-03	 2.33857e-05	 1.78541e-04	 2.70555e-11	 8.20107e-17	 5.21115e-03	 9.91285e-15	 2.19051e-64	1.42332e-306	 2.40553e-35	#_95        
   96	1	1	0	0	1	-1	-1	100	1.21037e-01	0.10933068	0.13075877	0.0727105	0.06721314	0.01505554	0.04666797	0.14759848	0.088592019	0.062031103	9.54184e-02	4.98952e-03	1.62370e-03	3.43843e-04	7.61046e-03	1.92064e-02	9.10096e-05	4.72991e-03	8.93731e-06	4.60692e-03	 6.27252e-18	 1.24138e-05	 3.62772e-04	 5.18842e-08	 1.70773e-68	 4.48153e-23	 5.77736e-22	 6.24917e-16	 5.45787e-57	 1.60638e-44	#_96        
   97	1	1	0	0	1	-1	-1	100	7.98003e-02	0.22866291	0.15907753	0.1268550	0.04989989	0.05534265	0.01122461	0.06952976	0.033577056	0.082569219	1.63238e-02	2.97460e-02	1.93722e-02	8.77052e-04	4.22374e-03	1.48810e-02	8.77697e-03	4.38581e-07	3.17947e-10	2.72601e-14	 6.91166e-03	 3.07994e-06	 3.57083e-21	 2.34512e-03	 1.91511e-49	3.33107e-100	2.16505e-120	 2.35039e-57	 3.06914e-56	1.42618e-101	#_97        
   98	1	1	0	0	1	-1	-1	100	5.80749e-03	0.08493935	0.44254481	0.1613870	0.05003520	0.05724408	0.00914872	0.00567037	0.019465492	0.025550147	3.23305e-02	3.11943e-02	5.84231e-02	8.67580e-04	9.10149e-04	1.38286e-03	2.48216e-07	2.77196e-06	1.09124e-12	1.44716e-23	 6.88190e-11	 1.30957e-02	 9.84501e-08	2.10879e-137	 4.96212e-09	 7.81832e-54	 9.69757e-94	 2.72749e-56	 1.74629e-92	 1.11185e-57	#_98        
   99	1	1	0	0	1	-1	-1	100	1.89638e-11	0.01392635	0.19175917	0.3990155	0.17748338	0.04894962	0.03151034	0.01005277	0.003461385	0.039456017	9.77887e-03	3.33233e-02	7.15400e-03	1.42633e-02	1.15737e-03	2.30566e-04	1.69471e-08	1.38520e-02	3.04543e-03	3.58937e-10	 1.13317e-04	 1.40181e-03	 3.01555e-15	 6.55073e-05	 6.70865e-37	 8.29596e-14	 3.00030e-49	 9.41898e-52	1.08715e-210	 8.73029e-41	#_99        
  100	1	1	0	0	1	-1	-1	100	2.32543e-03	0.00680291	0.02912695	0.1691611	0.39289588	0.16061398	0.05450246	0.01734871	0.006316325	0.005471175	3.78412e-03	3.20086e-02	1.73964e-02	4.30367e-03	6.30329e-02	8.25695e-03	8.02246e-03	5.85800e-05	2.07529e-04	2.78493e-04	 2.39018e-13	 3.31416e-21	 1.79573e-02	 1.28042e-04	 2.07817e-62	 4.61342e-67	 5.41968e-15	2.25743e-314	 8.17163e-45	 8.96915e-54	#_100       
-9999	0	0	0	0	0	 0	 0	  0	0.00000e+00	0.00000000	0.00000000	0.0000000	0.00000000	0.00000000	0.00000000	0.00000000	0.000000000	0.000000000	0.00000e+00	0.00000e+00	0.00000e+00	0.00000e+00	0.00000e+00	0.00000e+00	0.00000e+00	0.00000e+00	0.00000e+00	0.00000e+00	 0.00000e+00	 0.00000e+00	 0.00000e+00	 0.00000e+00	 0.00000e+00	 0.00000e+00	 0.00000e+00	 0.00000e+00	 0.00000e+00	 0.00000e+00	#_terminator
#
#_MeanSize_at_Age_obs
0 #_use_MeanSize_at_Age_obs
0 #_N_environ_variables
0 #_N_sizefreq_methods
0 #_do_tags
0 #_morphcomp_data
0 #_use_selectivity_priors
#
999
