ParName   Value   Gradient
recdev_early(-28)     0.107517 -5.53152e-06
recdev_early(-27)     0.117997 -4.54427e-06
recdev_early(-26)     0.129445 -2.99835e-06
recdev_early(-25)     0.141913  6.21451e-06
recdev_early(-24)     0.155433  3.41632e-06
recdev_early(-23)     0.170005 -3.53745e-06
recdev_early(-22)     0.185583 -3.99943e-06
recdev_early(-21)      0.20204  -4.4416e-06
recdev_early(-20)     0.219133 -4.01733e-06
recdev_early(-19)     0.236453  9.21427e-07
recdev_early(-18)     0.253355 -9.89861e-06
recdev_early(-17)     0.268905  4.73538e-07
recdev_early(-16)     0.281816  -6.3897e-06
recdev_early(-15)     0.290492 -2.42533e-06
recdev_early(-14)     0.293188 -9.90888e-06
recdev_early(-13)     0.288429 -5.43509e-06
recdev_early(-12)     0.275661 -4.46545e-06
recdev_early(-11)     0.256058 -3.72841e-06
recdev_early(-10)      0.23327 -6.15931e-06
recdev_early(-9)     0.213928 -8.44515e-06
recdev_early(-8)      0.20763 -9.69572e-06
recdev_early(-7)     0.225513 -9.23273e-06
recdev_early(-6)      2.52787  -0.00011851
recdev_early(-5)     0.329683 -2.10302e-05
recdev_early(-4)     0.455792 -2.84174e-05
recdev_early(-3)     0.456658  -3.0266e-05
recdev_early(-2)     0.110927 -2.27555e-05
recdev_early(-1)     0.564706 -3.45713e-05
recdev_early(0)      0.60395 -3.37082e-05
recdev1(1)    0.0867583   3.4493e-05
recdev1(2)    0.0231412  2.87498e-05
recdev1(3)   -0.0321502  3.30995e-05
recdev1(4)      1.65313  -3.9403e-05
recdev1(5)    -0.554961   3.6268e-05
recdev1(6)    -0.726785    4.168e-05
recdev1(7)   -0.0729794  3.65595e-05
recdev1(8)      0.23259  1.87964e-05
recdev1(9)     0.292245  6.44429e-06
recdev1(10)    -0.419068  4.07056e-05
recdev1(11)    -0.682227  4.85245e-05
recdev1(12)     0.936877 -2.55309e-05
recdev1(13)     -0.29706  1.06533e-05
recdev1(14)    -0.632899  2.13139e-05
recdev1(15)    -0.269399  2.78535e-05
recdev1(16)    -0.163341  2.52323e-05
recdev1(17)     0.835967 -5.03283e-05
recdev1(18)    0.0686789   5.2213e-06
recdev1(19)     0.535439  -2.6717e-05
recdev1(20)    -0.338524  6.34119e-06
recdev1(21)    0.0936956 -4.22562e-06
recdev1(22)     -0.23191  6.52905e-06
recdev1(23)   -0.0021339 -3.47302e-06
recdev1(24)    -0.719382  1.29806e-05
recdev1(25)    -0.888929  2.00941e-05
recdev1(26)      1.55857 -0.000219655
recdev1(27)     0.393139 -4.77071e-05
recdev1(28)    -0.771958  1.36916e-05
recdev1(29)      -0.6205  1.93694e-05
recdev1(30)    -0.781071   1.1812e-05
recdev1(31)      1.71976 -0.000321262
recdev1(32)      1.00978 -0.000148872
recdev1(33)    -0.183017 -1.25145e-05
recdev1(34)     0.368204 -6.39701e-05
recdev1(35)    -0.320062 -6.92218e-06
recdev1(36)    -0.431975  5.51748e-06
recdev1(37)    -0.631847 -4.08715e-06
recdev1(38)    -0.484652 -7.36008e-06
recdev1(39)      1.28118 -0.000232854
recdev1(40)   -0.0560271 -2.84352e-05
recdev1(41)    0.0564762 -4.21597e-05
recdev1(42)     0.169865  -4.3053e-05
recdev1(43)     0.943022 -0.000155256
recdev1(44)    -0.457334 -8.08616e-06
recdev1(45)    -0.719388  1.14021e-05
recdev1(46)      1.28564 -0.000225755
recdev1(47)    -0.362345  -1.3043e-05
recdev1(48)    -0.646971  1.19579e-05
recdev1(49)     -1.00462   1.9925e-05
recdev1(50)     -1.03543  2.85717e-05
recdev1(51)    -0.511932   5.1178e-07
recdev1(52)     0.448191 -4.79826e-05
recdev1(53)     0.854027 -9.20051e-05
recdev1(54)      0.52152 -4.76331e-05
recdev1(55)    -0.291864  1.28238e-05
recdev1(56)  -0.00348908 -1.98598e-07
recdev1(57)    -0.578563  1.79212e-05
recdev1(58)    -0.570293  2.77468e-05
recdev1(59)     0.650697 -2.13019e-05
recdev1(60)    -0.711719  2.49557e-05
recdev1(61)      1.51946 -9.00853e-05
recdev1(62)   -0.0867401  2.28607e-05
recdev1(63)     0.103617  1.48687e-05
recdev1(64)    -0.579827  3.81886e-05
recdev1(65)    -0.552456  2.93322e-05
recdev1(66)    -0.984636  3.44333e-05
recdev1(67)     -0.21832  3.67527e-05
recdev1(68)     0.302271  2.49559e-05
recdev1(69)     0.202107   3.1162e-05
recdev1(70)    -0.640189  3.97874e-05
recdev1(71)    -0.684146  4.36198e-05
recdev1(72)    -0.411782   3.9705e-05
recdev1(73)       1.1351  1.87512e-05
recdev1(74)    -0.806113  4.60522e-05
recdev1(75)    -0.236656  4.17658e-05
recdev1(76)      1.48815  1.23424e-05
recdev1(77)    -0.192761  4.69483e-05
recdev1(78)     -1.02289  4.22081e-05
recdev1(79)    -0.489433  4.22195e-05
recdev1(80)     0.312044  4.26012e-05
recdev1(81)    -0.329578  3.98227e-05
recdev1(82)    -0.482636  4.75808e-05
recdev1(83)    -0.313159  4.46883e-05
recdev1(84)    0.0228835  4.69638e-05
recdev1(85)      1.23067  4.65328e-05
recdev1(86)   -0.0704725  4.51414e-05
recdev1(87)     0.810255  4.93247e-05
recdev1(88)     0.465314  4.54487e-05
recdev1(89)    -0.199021  5.26748e-05
recdev1(90)     -1.07446  3.44776e-05
recdev1(91)    -0.515913  5.51456e-05
recdev1(92)    -0.423558  4.19662e-05
recdev1(93)  -0.00882788  5.17026e-05
recdev1(94)     0.959957  5.19869e-05
recdev1(95)      1.78896  5.46362e-05
recdev1(96)      1.17099  4.96387e-05
Fcast_recruitments(97)    -0.246605  4.99691e-06
Fcast_recruitments(98)     -0.93853  -4.8335e-06
Fcast_recruitments(99)    -0.386519  1.30475e-07
Fcast_recruitments(100)   -0.0648472 -6.77908e-08
Fcast_recruitments(101)            0            0
