ParName   Value   Gradient
SR_parm[1]      10.0514 -1.41459e-05
recdev_early(-28)     0.269602 -1.82478e-08
recdev_early(-27)     0.295916 -4.89471e-09
recdev_early(-26)     0.325276 -1.93728e-08
recdev_early(-25)     0.358122 -1.84349e-08
recdev_early(-24)     0.394965 -2.55202e-08
recdev_early(-23)     0.436411 -2.29831e-08
recdev_early(-22)     0.483145 -2.21931e-08
recdev_early(-21)     0.535929 -3.47148e-08
recdev_early(-20)     0.595489  -4.3731e-08
recdev_early(-19)     0.662156 -5.49482e-08
recdev_early(-18)     0.734468  -5.8808e-08
recdev_early(-17)     0.803458 -5.85826e-08
recdev_early(-16)     0.833829 -6.43325e-08
recdev_early(-15)     0.780972 -7.04316e-08
recdev_early(-14)     0.705651 -6.36238e-08
recdev_early(-13)     0.582429 -5.73799e-08
recdev_early(-12)     0.438509  -5.3256e-08
recdev_early(-11)     0.284466 -4.58145e-08
recdev_early(-10)     0.125249 -4.43455e-08
recdev_early(-9)   -0.0351956 -3.49677e-08
recdev_early(-8)    -0.191847 -3.55862e-08
recdev_early(-7)    -0.336467 -3.39989e-08
recdev_early(-6)    -0.452057 -2.65517e-08
recdev_early(-5)    -0.494049 -1.60263e-08
recdev_early(-4)    -0.330439  -9.8318e-09
recdev_early(-3)     0.773332 -3.17266e-08
recdev_early(-2)     0.373042 -2.46408e-08
recdev_early(-1)    -0.413671 -1.43314e-08
recdev_early(0)      1.20823 -5.27478e-08
recdev1(1)        0.574  6.68883e-08
recdev1(2)    -0.187709   8.2018e-08
recdev1(3)     0.603454  4.23989e-08
recdev1(4)     0.637687  4.13593e-08
recdev1(5)     0.576392  4.11056e-08
recdev1(6)     0.481162  3.45514e-08
recdev1(7)      0.35047  3.33388e-08
recdev1(8)    -0.110785  6.25769e-08
recdev1(9)    -0.307015  5.97013e-08
recdev1(10)    -0.405214  6.69768e-08
recdev1(11)      -0.5353  6.42845e-08
recdev1(12)    -0.356576  4.88914e-08
recdev1(13)    -0.708689  6.93631e-08
recdev1(14)      1.63838 -2.88358e-07
recdev1(15)     0.833695 -7.90566e-08
recdev1(16)    -0.622947  4.89088e-08
recdev1(17)    -0.481564  4.13517e-08
recdev1(18)    -0.361146  2.89754e-08
recdev1(19)     0.489064  -7.8358e-08
recdev1(20)   -0.0763808 -7.17577e-09
recdev1(21)    0.0891468 -2.71526e-08
recdev1(22)   -0.0959183 -1.32783e-08
recdev1(23)    -0.062043 -2.31874e-08
recdev1(24)     0.970085 -2.66323e-07
recdev1(25)   -0.0679533 -3.48881e-08
recdev1(26)      1.04158 -3.08996e-07
recdev1(27)    -0.645696  2.62462e-08
recdev1(28)     0.274954 -1.04852e-07
recdev1(29)    0.0618862 -6.91471e-08
recdev1(30)    0.0925144 -8.08181e-08
recdev1(31)     0.183265 -1.07276e-07
recdev1(32)    -0.400295 -2.20406e-08
recdev1(33)    -0.408028  -1.3561e-08
recdev1(34)    -0.833867  2.85046e-08
recdev1(35)    -0.838897  2.03311e-08
recdev1(36)     0.126575  -1.1428e-07
recdev1(37)     0.282343 -1.64195e-07
recdev1(38)   -0.0158919 -9.75811e-08
recdev1(39)     0.660011 -2.76727e-07
recdev1(40)      1.55609 -7.59674e-07
recdev1(41)    -0.522306 -1.19781e-08
recdev1(42)     -1.09267  3.67516e-08
recdev1(43)     0.645808 -2.39346e-07
recdev1(44)    -0.503101 -6.17517e-09
recdev1(45)    -0.567364 -2.11068e-10
recdev1(46)       0.7288  -2.7293e-07
recdev1(47)    -0.306784 -2.72385e-08
recdev1(48)     -0.85798  3.42513e-08
recdev1(49)    0.0312173 -5.68657e-08
recdev1(50)    -0.147673 -3.04327e-08
recdev1(51)   -0.0539345  -2.8346e-08
recdev1(52)     0.227635 -6.48361e-08
recdev1(53)    -0.302792  1.12439e-08
recdev1(54)     0.432239 -8.42607e-08
recdev1(55)    -0.196394  1.56679e-08
recdev1(56)      0.19994 -5.06193e-09
recdev1(57)     0.821189  -8.8756e-08
recdev1(58)     0.280409  2.82608e-09
recdev1(59)    -0.260133   4.2764e-08
recdev1(60)     0.852063 -4.35898e-08
recdev1(61)     0.738938 -1.21196e-08
recdev1(62)     0.383121  2.94403e-08
recdev1(63)     0.100917  5.23331e-08
recdev1(64)    -0.448785   7.3591e-08
recdev1(65)     0.993969  2.87137e-09
recdev1(66)    -0.380308  7.69086e-08
recdev1(67)      1.67744 -7.30856e-08
recdev1(68)      1.16479  -4.1552e-09
recdev1(69)    -0.267502  7.80005e-08
recdev1(70)    -0.786705  8.71696e-08
recdev1(71)    -0.598051  8.57978e-08
recdev1(72)     0.111116  7.55326e-08
recdev1(73)    -0.211893  8.82615e-08
recdev1(74)    -0.385195  9.48823e-08
recdev1(75)    -0.714752  9.16173e-08
recdev1(76)    -0.139983   8.9308e-08
recdev1(77)    -0.696614  9.84397e-08
recdev1(78)     -1.20847  9.41428e-08
recdev1(79)    -0.401101  9.61217e-08
recdev1(80)     0.661998  9.47374e-08
recdev1(81)    -0.447215  9.33178e-08
recdev1(82)     0.377715  9.54347e-08
recdev1(83)     -1.09497  9.43553e-08
recdev1(84)   -0.0956422   1.0256e-07
recdev1(85)     0.331516  9.56327e-08
recdev1(86)      0.27639  1.04235e-07
recdev1(87)   -0.0552928  1.06421e-07
recdev1(88)    -0.563314  1.03897e-07
recdev1(89)     -0.67086  1.06181e-07
recdev1(90)    -0.691422  9.82548e-08
recdev1(91)   -0.0385761  1.06617e-07
recdev1(92)     -0.76407  1.04984e-07
recdev1(93)    -0.440873  1.05956e-07
recdev1(94)    -0.131605  1.09382e-07
recdev1(95)       1.3988  1.16257e-07
recdev1(96)     -0.39251  1.05761e-07
Fcast_recruitments(97)     0.112257  1.81557e-08
Fcast_recruitments(98)  -0.00821395 -1.08048e-09
Fcast_recruitments(99)    -0.512373  5.47315e-09
Fcast_recruitments(100)    -0.144845 -1.80664e-10
Fcast_recruitments(101)            0            0
