ParName   Value   Gradient
SR_parm[1]      10.1832  0.000533102
recdev_early(-28)     0.177496    -4.46e-07
recdev_early(-27)     0.194852 -4.80897e-07
recdev_early(-26)     0.214275 -1.29105e-07
recdev_early(-25)     0.236068 -9.94514e-07
recdev_early(-24)     0.260574 -5.78288e-08
recdev_early(-23)     0.288178  1.00968e-06
recdev_early(-22)      0.31928  5.61125e-07
recdev_early(-21)     0.354245  1.06865e-06
recdev_early(-20)     0.393272  1.32949e-06
recdev_early(-19)     0.436105  2.12687e-06
recdev_early(-18)      0.48137 -1.60802e-06
recdev_early(-17)     0.525189  1.21793e-07
recdev_early(-16)     0.558746  3.65823e-06
recdev_early(-15)     0.566416  2.52548e-07
recdev_early(-14)     0.548008  1.74337e-06
recdev_early(-13)     0.472406   7.0539e-07
recdev_early(-12)     0.347956 -4.70485e-07
recdev_early(-11)     0.191934  2.54348e-06
recdev_early(-10)    0.0188957  2.15374e-06
recdev_early(-9)    -0.159854  3.03827e-06
recdev_early(-8)    -0.333668  5.52233e-06
recdev_early(-7)    -0.489631  6.80825e-06
recdev_early(-6)    -0.607008  7.53388e-06
recdev_early(-5)    -0.639343  8.82433e-06
recdev_early(-4)    -0.454304  1.05832e-05
recdev_early(-3)      0.61824  1.17939e-05
recdev_early(-2)     0.231647  6.17234e-06
recdev_early(-1)    -0.534683  2.75712e-06
recdev_early(0)       1.0617  6.40225e-06
recdev1(1)     0.446303 -3.56729e-06
recdev1(2)    -0.310623 -2.73637e-06
recdev1(3)     0.475958  2.49306e-06
recdev1(4)     0.511934  2.49719e-06
recdev1(5)     0.450227  5.05277e-06
recdev1(6)     0.355548   2.6229e-06
recdev1(7)     0.225606  5.08022e-07
recdev1(8)    -0.232475  1.33051e-06
recdev1(9)    -0.428337  2.82903e-07
recdev1(10)    -0.526747  2.77353e-07
recdev1(11)    -0.655846 -8.28221e-07
recdev1(12)    -0.479643 -4.15733e-06
recdev1(13)    -0.824571 -1.84153e-06
recdev1(14)      1.51702 -3.01602e-05
recdev1(15)      0.71739  -9.1082e-07
recdev1(16)    -0.733887 -6.16378e-06
recdev1(17)    -0.595994  5.23511e-07
recdev1(18)    -0.473392 -2.48235e-06
recdev1(19)     0.374795  5.82795e-06
recdev1(20)    -0.186755 -1.03405e-06
recdev1(21)    -0.023134  4.76892e-06
recdev1(22)    -0.207932  3.85175e-06
recdev1(23)    -0.173336 -3.08148e-06
recdev1(24)     0.857471  9.17408e-06
recdev1(25)    -0.173018  6.23985e-07
recdev1(26)     0.933634  1.69886e-05
recdev1(27)    -0.744927  2.79182e-06
recdev1(28)     0.168606  5.76799e-07
recdev1(29)   -0.0442536  3.69298e-06
recdev1(30)   -0.0140768 -1.57931e-06
recdev1(31)    0.0755653  7.72739e-06
recdev1(32)    -0.507223 -4.70535e-07
recdev1(33)    -0.517489  2.22265e-06
recdev1(34)    -0.942252  1.18944e-06
recdev1(35)    -0.945985  2.39094e-06
recdev1(36)    0.0187845  8.69906e-06
recdev1(37)     0.176059  1.27529e-05
recdev1(38)    -0.120725  1.56913e-06
recdev1(39)     0.556368  5.17648e-06
recdev1(40)      1.45189  2.03039e-05
recdev1(41)    -0.626044 -2.41762e-06
recdev1(42)     -1.19215 -3.37223e-06
recdev1(43)     0.544787  1.09678e-05
recdev1(44)    -0.599112 -1.48735e-06
recdev1(45)    -0.661957 -5.62113e-07
recdev1(46)      0.63357  1.05795e-05
recdev1(47)     -0.40349  1.39796e-06
recdev1(48)    -0.952489  4.42923e-07
recdev1(49)    -0.060674  3.44418e-06
recdev1(50)    -0.233798  5.89054e-06
recdev1(51)    -0.135991  5.03107e-06
recdev1(52)     0.150451   6.6677e-06
recdev1(53)    -0.376138  4.88056e-06
recdev1(54)     0.365372   1.0172e-05
recdev1(55)    -0.255989  1.98255e-06
recdev1(56)     0.146295  1.27082e-06
recdev1(57)     0.775641  7.21007e-06
recdev1(58)     0.243958  1.40389e-06
recdev1(59)      -0.2945  3.53975e-07
recdev1(60)     0.828631  9.94338e-07
recdev1(61)     0.729687 -4.08836e-06
recdev1(62)     0.384314  -4.7252e-06
recdev1(63)     0.113565 -4.48592e-06
recdev1(64)    -0.437686 -2.31112e-06
recdev1(65)      1.01808  2.92901e-06
recdev1(66)    -0.357203  1.00441e-06
recdev1(67)      1.71757  2.12634e-05
recdev1(68)      1.21601  2.78629e-05
recdev1(69)    -0.196468 -3.47828e-06
recdev1(70)    -0.714587  1.68103e-06
recdev1(71)    -0.531528  7.44333e-07
recdev1(72)       0.2034  2.36966e-06
recdev1(73)    -0.128705 -4.07382e-06
recdev1(74)     -0.26271 -4.75882e-06
recdev1(75)     -0.61623 -6.16618e-06
recdev1(76)  -0.00190847 -7.31588e-06
recdev1(77)    -0.570396  -4.5142e-06
recdev1(78)     -1.06335  -6.5265e-06
recdev1(79)    -0.245897 -7.31753e-06
recdev1(80)     0.821577 -1.89307e-05
recdev1(81)    -0.241767 -5.74892e-06
recdev1(82)     0.545246  -1.0178e-05
recdev1(83)    -0.824729 -3.89973e-06
recdev1(84)    0.0407111 -7.96347e-06
recdev1(85)     0.575787 -9.13757e-06
recdev1(86)     0.411836 -8.98425e-06
recdev1(87)     0.254218 -1.07671e-05
recdev1(88)    -0.293898 -5.17882e-06
recdev1(89)    -0.481414 -5.78412e-06
recdev1(90)    -0.527125 -4.42706e-06
recdev1(91)     0.286279 -4.73729e-06
recdev1(92)    -0.420309 -4.45043e-06
recdev1(93)    -0.149594  -2.2935e-06
recdev1(94)    0.0923498 -4.47846e-06
recdev1(95)      1.75351 -4.80226e-06
recdev1(96)    -0.114402 -4.90529e-06
recdev1(97)     0.466855 -3.74305e-06
recdev1(98)     0.346906 -3.43148e-06
recdev1(99)    -0.196718 -3.46939e-06
recdev1(100)    0.0518132 -3.69796e-06
Fcast_recruitments(101)            0            0
selparm[1]       42.025  0.000176743
selparm[3]      5.09577 -0.000296707
