ParName   Value   Gradient
recdev_early(-28)     0.186069  6.84403e-06
recdev_early(-27)     0.202992 -1.10663e-05
recdev_early(-26)     0.221611  4.24793e-06
recdev_early(-25)     0.242098 -2.57039e-06
recdev_early(-24)     0.264642 -1.63458e-05
recdev_early(-23)     0.289438  1.96541e-05
recdev_early(-22)     0.316652  6.27271e-06
recdev_early(-21)     0.346437  7.04806e-05
recdev_early(-20)     0.378814   -2.548e-06
recdev_early(-19)     0.413669 -3.57813e-05
recdev_early(-18)     0.450522 -1.04348e-05
recdev_early(-17)     0.488245  1.62678e-05
recdev_early(-16)     0.524588  2.15952e-06
recdev_early(-15)     0.555531 -2.68468e-05
recdev_early(-14)     0.595101 -3.30013e-06
recdev_early(-13)     0.617219 -3.23568e-06
recdev_early(-12)     0.609195  1.26795e-06
recdev_early(-11)      0.56528    1.977e-05
recdev_early(-10)     0.491944 -1.67933e-05
recdev_early(-9)     0.402329  4.68281e-05
recdev_early(-8)     0.311177 -2.84501e-05
recdev_early(-7)     0.236538  9.47164e-06
recdev_early(-6)       2.8252  2.15233e-05
recdev_early(-5)     0.268375  1.50797e-05
recdev_early(-4)     0.521754   2.3168e-06
recdev_early(-3)      0.64593  3.78331e-06
recdev_early(-2)     0.157004  1.67923e-06
recdev_early(-1)     0.624596 -2.37884e-06
recdev_early(0)     0.582605 -1.55728e-06
recdev1(1)     0.121731  -1.2823e-06
recdev1(2)   0.00186511 -1.22257e-05
recdev1(3)    0.0202979 -4.05776e-06
recdev1(4)      1.62662  3.99936e-06
recdev1(5)    -0.464605 -6.94217e-06
recdev1(6)    -0.687831  -5.7255e-06
recdev1(7)   -0.0869881 -4.00344e-06
recdev1(8)     0.233844 -1.41254e-06
recdev1(9)     0.278209  2.91761e-07
recdev1(10)    -0.403843  8.72669e-08
recdev1(11)     -0.61616  -7.7005e-06
recdev1(12)     0.914469  1.34222e-06
recdev1(13)    -0.262224 -2.45493e-06
recdev1(14)    -0.610001 -3.07685e-06
recdev1(15)    -0.278421 -4.91316e-06
recdev1(16)    -0.135321 -6.59189e-07
recdev1(17)     0.820636  4.97199e-06
recdev1(18)     0.107108  5.47427e-06
recdev1(19)      0.51387  3.82703e-07
recdev1(20)    -0.293497   4.5665e-06
recdev1(21)    0.0745306 -5.77608e-06
recdev1(22)    -0.211017  9.92959e-07
recdev1(23)   -0.0214958  3.90684e-06
recdev1(24)    -0.699739  -5.8799e-06
recdev1(25)    -0.822813 -6.89813e-06
recdev1(26)      1.54778  3.92769e-05
recdev1(27)     0.395043  3.88912e-06
recdev1(28)    -0.728209  4.37715e-06
recdev1(29)     -0.63113  3.07836e-06
recdev1(30)    -0.718751 -1.00533e-05
recdev1(31)      1.71063  5.42559e-05
recdev1(32)      1.00677  2.49368e-05
recdev1(33)    -0.135303  7.57394e-06
recdev1(34)     0.349134  1.22047e-05
recdev1(35)    -0.299417 -1.58349e-07
recdev1(36)    -0.436807  3.52037e-06
recdev1(37)    -0.627478 -4.79143e-06
recdev1(38)    -0.453661  3.37499e-06
recdev1(39)       1.2693  3.94676e-05
recdev1(40)   -0.0258987  5.95531e-06
recdev1(41)    0.0476183  8.42511e-06
recdev1(42)     0.182692  5.28209e-06
recdev1(43)     0.935304  2.77149e-05
recdev1(44)    -0.428223 -5.87315e-06
recdev1(45)    -0.668881  7.79654e-06
recdev1(46)      1.28063  3.89824e-05
recdev1(47)    -0.318574  2.35013e-07
recdev1(48)     -0.63843 -3.95565e-06
recdev1(49)    -0.982316 -6.74008e-06
recdev1(50)     -1.01471 -4.95029e-07
recdev1(51)    -0.499831 -7.27676e-07
recdev1(52)     0.453011  1.00029e-05
recdev1(53)     0.856643   1.3694e-05
recdev1(54)     0.515212  5.95785e-06
recdev1(55)    -0.281355 -1.39245e-06
recdev1(56)   -0.0180656  2.56657e-06
recdev1(57)    -0.577116 -2.68108e-06
recdev1(58)    -0.557932 -5.02415e-06
recdev1(59)     0.631476  2.46614e-06
recdev1(60)    -0.656213   -9.524e-06
recdev1(61)      1.50425  1.11934e-05
recdev1(62)   -0.0577725 -3.65453e-06
recdev1(63)     0.089736 -3.79655e-06
recdev1(64)     -0.56354 -3.20872e-06
recdev1(65)    -0.565017 -6.53852e-06
recdev1(66)     -0.96592  -4.4738e-06
recdev1(67)    -0.230237 -6.43337e-06
recdev1(68)     0.293277 -4.06165e-06
recdev1(69)     0.187856 -6.91782e-06
recdev1(70)    -0.640275 -6.52435e-06
recdev1(71)    -0.689771 -9.72567e-06
recdev1(72)    -0.418385 -8.30865e-06
recdev1(73)      1.11328 -5.57812e-06
recdev1(74)    -0.774119 -1.26033e-05
recdev1(75)     -0.23225 -8.71773e-06
recdev1(76)      1.45709  -6.0809e-06
recdev1(77)    -0.193947  -3.6595e-06
recdev1(78)    -0.959132 -7.75644e-06
recdev1(79)    -0.604183 -3.25087e-06
recdev1(80)     0.295578 -7.69151e-06
recdev1(81)    -0.350914 -5.05832e-06
recdev1(82)    -0.515231 -1.85214e-06
recdev1(83)    -0.353561 -1.13569e-05
recdev1(84)   0.00148827 -8.41583e-06
recdev1(85)      1.18363 -9.69702e-06
recdev1(86)    -0.108225 -9.84594e-06
recdev1(87)     0.760969 -5.37796e-06
recdev1(88)      0.42292 -1.12836e-05
recdev1(89)    -0.256281 -5.87745e-07
recdev1(90)     -1.04611 -1.28227e-05
recdev1(91)    -0.587763 -3.48974e-06
recdev1(92)    -0.466124 -9.49048e-06
recdev1(93)   -0.0733563 -5.97155e-06
recdev1(94)     0.918759 -7.33141e-06
recdev1(95)      1.71936 -1.03811e-05
recdev1(96)      1.10176 -8.70497e-06
Fcast_recruitments(97)    -0.248793  2.67559e-06
Fcast_recruitments(98)    -0.885352  6.32949e-06
Fcast_recruitments(99)    -0.298595  2.98067e-07
Fcast_recruitments(100)   -0.0785589 -1.96547e-08
Fcast_recruitments(101)            0            0
