ParName   Value   Gradient
SR_parm[1]      9.98753   -0.0243496
recdev_early(-28)     0.228152 -9.34551e-07
recdev_early(-27)    -0.113292  2.73648e-08
recdev_early(-26)    -0.142717 -2.98081e-07
recdev_early(-25)    -0.176768 -5.25347e-07
recdev_early(-24)    -0.133965  4.86632e-08
recdev_early(-23)    -0.199572  2.56872e-07
recdev_early(-22)     0.793945 -2.13653e-06
recdev_early(-21)      1.27378 -1.35514e-06
recdev_early(-20)     0.192736 -7.12581e-07
recdev_early(-19)     0.671528 -1.64859e-06
recdev_early(-18)     0.409578 -1.24668e-07
recdev_early(-17)     0.193268 -1.55536e-06
recdev_early(-16)    -0.425459 -1.38801e-06
recdev_early(-15)     0.699864  2.32507e-06
recdev_early(-14)    -0.187553 -1.38626e-07
recdev_early(-13)     0.782318 -2.30667e-06
recdev_early(-12)      0.24196  4.69949e-07
recdev_early(-11)     0.928236 -7.30375e-06
recdev_early(-10)    -0.181193  5.20888e-07
recdev_early(-9)       1.1302 -1.10776e-05
recdev_early(-8)    -0.558625  1.38505e-06
recdev_early(-7)    -0.459493 -3.06425e-06
recdev_early(-6)      2.95075 -6.16067e-05
recdev_early(-5)   -0.0524364 -5.49936e-06
recdev_early(-4)     0.588469 -6.97859e-06
recdev_early(-3)     0.703534 -8.61343e-06
recdev_early(-2)  -0.00872185 -1.50382e-05
recdev_early(-1)     0.744789 -1.36343e-05
recdev_early(0)     0.655032 -1.96468e-05
recdev1(1)    0.0184779  0.000193608
recdev1(2)    0.0311424  0.000185501
recdev1(3)   -0.0391334  0.000190954
recdev1(4)      1.69207  8.56508e-05
recdev1(5)    -0.512576  0.000183281
recdev1(6)    -0.931189  0.000192106
recdev1(7)    0.0116356  0.000181976
recdev1(8)     0.264488  0.000156385
recdev1(9)     0.346718  0.000134632
recdev1(10)    -0.457491  0.000154555
recdev1(11)    -0.826474   0.00017566
recdev1(12)     0.992197  4.55224e-05
recdev1(13)    -0.261138  0.000141914
recdev1(14)    -0.713278  0.000167431
recdev1(15)    -0.292034  0.000144446
recdev1(16)   -0.0894406  0.000127421
recdev1(17)     0.833758 -4.43145e-05
recdev1(18)      0.13183  5.81113e-05
recdev1(19)     0.612959 -5.58545e-05
recdev1(20)    -0.751042  0.000127472
recdev1(21)     0.272068 -1.64809e-05
recdev1(22)    -0.249396  6.58794e-05
recdev1(23)    0.0370842  2.27281e-05
recdev1(24)      -0.8729  0.000106741
recdev1(25)    -0.859357  0.000103635
recdev1(26)      1.57162 -0.000904734
recdev1(27)     0.403844 -0.000184588
recdev1(28)    -0.873758  9.10973e-05
recdev1(29)     -0.56274  1.37023e-05
recdev1(30)    -0.800157   7.5013e-05
recdev1(31)      1.74146  -0.00157994
recdev1(32)      1.00057 -0.000724072
recdev1(33)    -0.206956 -8.67628e-05
recdev1(34)     0.472018 -0.000473714
recdev1(35)     -0.38689 -7.65923e-05
recdev1(36)    -0.453364 -7.19111e-05
recdev1(37)    -0.657284  -3.5312e-05
recdev1(38)    -0.359991 -0.000105314
recdev1(39)      1.26978   -0.0014058
recdev1(40)  -0.00117418 -0.000273822
recdev1(41)   0.00330101 -0.000256989
recdev1(42)     0.184854 -0.000320954
recdev1(43)     0.958655 -0.000916784
recdev1(44)    -0.454759 -7.37714e-05
recdev1(45)    -0.738219 -1.48015e-05
recdev1(46)      1.30865  -0.00137525
recdev1(47)    -0.456274 -5.63098e-05
recdev1(48)     -0.54407 -2.11785e-05
recdev1(49)     -1.06258  7.41215e-05
recdev1(50)     -0.97727  6.92374e-05
recdev1(51)    -0.402238 -2.48295e-05
recdev1(52)      0.39197 -0.000230444
recdev1(53)     0.928647  -0.00045493
recdev1(54)     0.509295 -0.000184106
recdev1(55)    -0.325373  5.22689e-05
recdev1(56)    0.0269017  2.11106e-05
recdev1(57)     -0.60109  0.000117648
recdev1(58)    -0.613626  0.000132965
recdev1(59)     0.675836 -2.60364e-05
recdev1(60)    -0.650339  0.000158981
recdev1(61)       1.5192 -0.000214779
recdev1(62)    -0.133626  0.000132087
recdev1(63)     0.117625    0.0001011
recdev1(64)    -0.614173  0.000156005
recdev1(65)    -0.369967   0.00015121
recdev1(66)     -1.20796  0.000166842
recdev1(67)    -0.162117  0.000153536
recdev1(68)     0.341518  0.000112892
recdev1(69)     0.173494  0.000157915
recdev1(70)    -0.663858  0.000172051
recdev1(71)    -0.586374  0.000178776
recdev1(72)    -0.458464  0.000183327
recdev1(73)      1.16235  0.000126416
recdev1(74)     -1.01808  0.000195041
recdev1(75)    -0.173497   0.00019239
recdev1(76)      1.47505  0.000115394
recdev1(77)   -0.0467594  0.000182022
recdev1(78)    -0.976762  0.000197981
recdev1(79)    -0.663596  0.000195475
recdev1(80)     0.396641  0.000190247
recdev1(81)    -0.409353  0.000188945
recdev1(82)    -0.436388  0.000186105
recdev1(83)    -0.226272  0.000197042
recdev1(84)    0.0750653  0.000200024
recdev1(85)      1.24053  0.000177481
recdev1(86)    -0.131119  0.000194979
recdev1(87)     0.850642  0.000189441
recdev1(88)     0.468576   0.00018806
recdev1(89)    -0.121034  0.000195986
recdev1(90)     -1.23449  0.000209132
recdev1(91)    -0.454856  0.000196384
recdev1(92)    -0.259319  0.000206903
recdev1(93)   -0.0767324  0.000194243
recdev1(94)      1.05439  0.000205645
recdev1(95)      1.83057  0.000196722
recdev1(96)      1.20608  0.000206293
recdev1(97)    -0.195149  0.000198364
Fcast_recruitments(98)    -0.913737 -1.46938e-05
Fcast_recruitments(99)    -0.372098  1.38881e-06
Fcast_recruitments(100)     -0.14035  6.25475e-07
Fcast_recruitments(101)            0            0
Fcast_recruitments(102)            0            0
Fcast_recruitments(103)            0            0
Fcast_recruitments(104)            0            0
Fcast_recruitments(105)            0            0
Fcast_recruitments(106)            0            0
Fcast_recruitments(107)            0            0
Fcast_recruitments(108)            0            0
Fcast_recruitments(109)            0            0
Fcast_recruitments(110)            0            0
Q_parm[1]  -0.00694412 -0.000901237
selparm[1]      41.9692  -0.00167935
selparm[3]       5.0983   0.00389588
