ParName   Value   Gradient
SR_parm[1]      10.1075   9.8734e-05
recdev_early(-28)   0.00897062 -2.21266e-06
recdev_early(-27)   0.00981352 -1.97051e-06
recdev_early(-26)    0.0107355 -1.63194e-06
recdev_early(-25)    0.0117429 -1.18422e-06
recdev_early(-24)    0.0128448 -6.16811e-07
recdev_early(-23)    0.0140467  7.30918e-08
recdev_early(-22)    0.0153588  8.80432e-07
recdev_early(-21)    0.0167885   1.7839e-06
recdev_early(-20)    0.0183462  2.74415e-06
recdev_early(-19)    0.0200427   3.6972e-06
recdev_early(-18)    0.0218867  4.55046e-06
recdev_early(-17)    0.0238861  5.18708e-06
recdev_early(-16)    0.0260545  5.47909e-06
recdev_early(-15)    0.0284008  5.30795e-06
recdev_early(-14)    0.0309339  4.60757e-06
recdev_early(-13)    0.0336623  3.41777e-06
recdev_early(-12)    0.0365911  1.93923e-06
recdev_early(-11)    0.0397226  5.56594e-07
recdev_early(-10)    0.0430554 -2.14265e-07
recdev_early(-9)    0.0465816  1.06385e-07
recdev_early(-8)    0.0502854  1.68884e-06
recdev_early(-7)     0.054142  4.14457e-06
recdev_early(-6)    0.0581207  6.54646e-06
recdev_early(-5)    0.0621842  7.90879e-06
recdev_early(-4)    0.0663008   7.9456e-06
recdev_early(-3)    0.0704508  7.33106e-06
recdev_early(-2)    0.0746102  6.50455e-06
recdev_early(-1)    0.0787186  3.31768e-06
recdev_early(0)    0.0826677 -6.17853e-06
recdev1(1)     0.100056  1.10112e-05
recdev1(2)     0.103268  2.46224e-05
recdev1(3)     0.105723    1.119e-05
recdev1(4)      0.10713 -2.44951e-05
recdev1(5)     0.107157 -1.79543e-05
recdev1(6)     0.105434  2.38688e-05
recdev1(7)     0.101579  1.24436e-05
recdev1(8)    0.0952512 -7.56995e-06
recdev1(9)    0.0861953  9.01102e-07
recdev1(10)    0.0743026  6.50342e-06
recdev1(11)    0.0596836  1.98277e-06
recdev1(12)    0.0427208 -1.76637e-06
recdev1(13)    0.0239784  -4.1689e-07
recdev1(14)   0.00463778 -7.20451e-06
recdev1(15)   -0.0147225  4.46296e-06
recdev1(16)   -0.0347538 -8.56605e-05
recdev1(17)    -0.058208  5.33316e-05
recdev1(18)   -0.0880167 -1.38702e-05
recdev1(19)    -0.115442 -1.40559e-05
recdev1(20)    -0.110673 -1.46109e-05
recdev1(21)   -0.0877813  1.36127e-05
recdev1(22)    -0.146114 -6.33715e-06
recdev1(23)    0.0718867  4.49788e-05
recdev1(24)     0.873325 -3.72533e-06
recdev1(25)     0.206611 -4.54148e-05
recdev1(26)   -0.0299376  4.07777e-05
recdev1(27)     0.089244  2.30339e-05
recdev1(28)     0.128573 -1.62099e-05
recdev1(29)     0.161385 -2.53686e-05
recdev1(30)    -0.137073  2.15951e-05
recdev1(31)    -0.181584  3.86911e-05
recdev1(32)    -0.197783 -3.28957e-05
recdev1(33)    -0.449398 -1.59031e-05
recdev1(34)      -0.7252  3.63273e-05
recdev1(35)    -0.802094  5.30252e-06
recdev1(36)     0.677533 -5.42616e-06
recdev1(37)    -0.580671  2.58926e-05
recdev1(38)    -0.298777  5.81644e-06
recdev1(39)      0.72728 -6.90805e-06
recdev1(40)      1.19353  7.22751e-06
recdev1(41)    -0.591471 -6.97127e-06
recdev1(42)    -0.965262  2.15477e-05
recdev1(43)    -0.360058 -1.29865e-05
recdev1(44)     0.175828   6.9039e-06
recdev1(45)    -0.363488 -2.57804e-05
recdev1(46)     0.306243  2.86521e-05
recdev1(47)      -0.4082 -6.32382e-05
recdev1(48)   -0.0644509  1.57043e-05
recdev1(49)    -0.340563  1.73755e-05
recdev1(50)    -0.458297 -3.73901e-05
recdev1(51)       0.4567  2.20976e-06
recdev1(52)    -0.424056  3.60487e-05
recdev1(53)    -0.402367 -5.94693e-05
recdev1(54)    -0.116862  3.56306e-05
recdev1(55)   0.00159178 -3.08632e-06
recdev1(56)     0.397949 -1.85556e-05
recdev1(57)     0.464288  2.97233e-05
recdev1(58)     0.157988 -3.11041e-05
recdev1(59)    -0.483588  -6.0833e-07
recdev1(60)     0.390947  3.17893e-06
recdev1(61)     0.855504  7.32911e-06
recdev1(62)     0.348175 -1.99078e-05
recdev1(63)    -0.213261 -1.08246e-06
recdev1(64)    -0.224825  5.42315e-05
recdev1(65)       0.4535  -4.9214e-05
recdev1(66)     0.338923   7.5294e-05
recdev1(67)      1.39326 -3.53447e-05
recdev1(68)      1.03893  2.48074e-05
recdev1(69)     -0.35581  2.16732e-05
recdev1(70)    -0.247804  -7.9037e-05
recdev1(71)   -0.0342013  2.99003e-05
recdev1(72)  -0.00355347  4.09201e-05
recdev1(73)    -0.349934 -8.47707e-05
recdev1(74)    -0.456904  6.30745e-05
recdev1(75)    -0.263925 -3.43068e-05
recdev1(76)    -0.478564  4.67179e-05
recdev1(77)    -0.571776   -6.395e-05
recdev1(78)    -0.169497  9.94461e-06
recdev1(79)    0.0289533  2.72468e-05
recdev1(80)     0.433352 -6.87499e-06
recdev1(81)    -0.135978 -4.16052e-05
recdev1(82)     0.723882   2.4836e-05
recdev1(83)    -0.301246 -1.91387e-05
recdev1(84)    -0.267279 -4.21042e-05
recdev1(85)     0.196115  2.40883e-05
recdev1(86)    -0.281006   2.6583e-05
recdev1(87)     0.449901 -3.76159e-06
recdev1(88)    -0.320539 -3.78725e-05
recdev1(89)    -0.531422  5.73817e-05
recdev1(90)    -0.821106 -2.09548e-05
recdev1(91)    -0.495815 -2.42209e-05
recdev1(92)    -0.245249   4.0604e-05
recdev1(93)    -0.509279 -3.37732e-05
recdev1(94)    -0.275553  1.18824e-06
recdev1(95)       1.8382  8.09286e-06
recdev1(96)     0.894703  1.13595e-05
Fcast_recruitments(97)      0.74582  3.35249e-06
Fcast_recruitments(98)    -0.332704  3.97392e-06
Fcast_recruitments(99)    -0.109065 -1.06418e-06
Fcast_recruitments(100)  -0.00492547 -1.93716e-05
Fcast_recruitments(101)            0            0
selparm[1]      42.1743  5.23746e-06
selparm[3]      5.11476  7.62146e-06
