ParName   Value   Gradient
SR_parm[1]      10.0309  -8.6478e-05
recdev_early(-28)    0.0198203  7.25427e-06
recdev_early(-27)    0.0217059  6.66879e-06
recdev_early(-26)    0.0237716  5.78504e-06
recdev_early(-25)    0.0260307  4.57325e-06
recdev_early(-24)    0.0285015  3.02577e-06
recdev_early(-23)    0.0312084   1.1732e-06
recdev_early(-22)     0.034167 -8.82759e-07
recdev_early(-21)    0.0374019 -2.95865e-06
recdev_early(-20)     0.040938 -4.76586e-06
recdev_early(-19)    0.0448004 -5.91365e-06
recdev_early(-18)    0.0490148 -5.95746e-06
recdev_early(-17)    0.0536081 -4.51313e-06
recdev_early(-16)    0.0586044 -1.46629e-06
recdev_early(-15)    0.0640354  2.76794e-06
recdev_early(-14)    0.0699224  7.00864e-06
recdev_early(-13)    0.0762891  9.37221e-06
recdev_early(-12)    0.0831546  7.93071e-06
recdev_early(-11)    0.0905256  2.15857e-06
recdev_early(-10)    0.0983979 -5.37866e-06
recdev_early(-9)     0.106754 -8.86269e-06
recdev_early(-8)      0.11555 -2.88739e-06
recdev_early(-7)     0.124717   1.0443e-05
recdev_early(-6)     0.134154  1.82478e-05
recdev_early(-5)     0.143734  7.80909e-06
recdev_early(-4)     0.153328 -1.27639e-05
recdev_early(-3)     0.162832 -1.46802e-05
recdev_early(-2)     0.172102  1.03746e-05
recdev_early(-1)     0.180852  2.08523e-05
recdev_early(0)     0.188635 -5.83047e-06
recdev1(1)     0.244378  9.79532e-08
recdev1(2)     0.248655 -4.05577e-06
recdev1(3)     0.249507   2.3646e-05
recdev1(4)     0.245919 -1.40416e-05
recdev1(5)     0.236967  2.77443e-05
recdev1(6)     0.221929 -1.50454e-05
recdev1(7)     0.200518   1.4876e-05
recdev1(8)     0.172937  2.68106e-06
recdev1(9)     0.139932  -6.4805e-06
recdev1(10)     0.102621  1.44428e-05
recdev1(11)    0.0621857 -5.23622e-06
recdev1(12)    0.0194827 -1.14919e-05
recdev1(13)    -0.024944 -8.31046e-06
recdev1(14)   -0.0696814  7.29264e-06
recdev1(15)    -0.113289 -2.98727e-06
recdev1(16)    -0.147475  1.06574e-05
recdev1(17)    -0.150604  1.60269e-06
recdev1(18)    -0.084122 -2.69506e-05
recdev1(19)    0.0781243  6.67319e-07
recdev1(20)     0.118172  1.82668e-05
recdev1(21)    -0.304321 -9.54044e-07
recdev1(22)     -0.69053  2.29527e-06
recdev1(23)    -0.243939 -1.34368e-05
recdev1(24)    -0.409086  1.14507e-05
recdev1(25)    -0.848365   1.6262e-05
recdev1(26)      1.46983 -4.44326e-06
recdev1(27)    -0.362758  2.29984e-06
recdev1(28)     0.177279  1.08805e-05
recdev1(29)    -0.965363 -6.38567e-06
recdev1(30)     -1.01475 -6.83769e-05
recdev1(31)      1.75281 -6.65527e-06
recdev1(32)     0.542327  4.11994e-05
recdev1(33)     0.534341 -3.29427e-05
recdev1(34)     0.457881 -4.80293e-07
recdev1(35)    -0.289565   4.4232e-05
recdev1(36)    -0.837411  -6.8178e-05
recdev1(37)    -0.980229  4.16097e-05
recdev1(38)    -0.401813 -1.94197e-05
recdev1(39)       1.1963  9.86945e-06
recdev1(40)     0.286873 -5.21931e-05
recdev1(41)    -0.049526  7.45385e-05
recdev1(42)     0.278843    -3.56e-05
recdev1(43)     0.765655  5.29813e-06
recdev1(44)    -0.378934  1.94685e-05
recdev1(45)    -0.102405 -2.25447e-05
recdev1(46)      1.08979  4.21527e-06
recdev1(47)      -0.5624 -1.84765e-05
recdev1(48)    -0.727597  7.20665e-06
recdev1(49)    -0.975826  3.03089e-06
recdev1(50)    -0.443333 -6.26572e-07
recdev1(51)    -0.728219  1.14585e-06
recdev1(52)    -0.146165   1.3018e-06
recdev1(53)      0.92115 -1.13698e-06
recdev1(54)     0.354149  2.20059e-06
recdev1(55)    -0.362093 -3.07877e-06
recdev1(56)    0.0108006  1.88533e-06
recdev1(57)     -1.05045  1.81444e-06
recdev1(58)   -0.0499901  1.39375e-07
recdev1(59)     0.340311  2.04326e-06
recdev1(60)     0.490017 -2.53564e-06
recdev1(61)      1.08541  3.85553e-06
recdev1(62)     0.305173 -1.52727e-05
recdev1(63)    -0.160659  4.94497e-05
recdev1(64)    -0.408709 -7.92349e-05
recdev1(65)    -0.672059  8.47933e-05
recdev1(66)     -1.14052  -8.3613e-05
recdev1(67)    -0.381179  2.32237e-05
recdev1(68)     0.353296 -4.62423e-06
recdev1(69)     0.170012  4.59313e-06
recdev1(70)    -0.900864 -1.67921e-06
recdev1(71)    -0.675057  1.27184e-06
recdev1(72)    0.0169398  1.39233e-06
recdev1(73)     0.988992  1.30836e-06
recdev1(74)    -0.619835  7.12945e-07
recdev1(75)    0.0868605  1.72604e-06
recdev1(76)       1.3522  1.03283e-06
recdev1(77)     -0.23656  2.58307e-06
recdev1(78)     -1.09804 -4.45982e-06
recdev1(79)    -0.275172  5.46584e-06
recdev1(80)     0.292697 -1.37902e-06
recdev1(81)    -0.607147  8.81532e-06
recdev1(82)     0.060216 -1.78154e-06
recdev1(83)    -0.349672  6.16416e-06
recdev1(84)    -0.122341 -1.20233e-06
recdev1(85)       1.1099  2.51292e-06
recdev1(86)      -0.3365  1.30157e-07
recdev1(87)     0.876428  2.04217e-06
recdev1(88)     0.718441   1.8791e-06
recdev1(89)    -0.623234  1.31198e-06
recdev1(90)    -0.748607  1.91245e-06
recdev1(91)    -0.568458  1.91854e-06
recdev1(92)     -0.42696  1.36574e-06
recdev1(93)    -0.386745  2.21657e-06
recdev1(94)      0.87356  1.72204e-06
recdev1(95)      1.95817  2.44426e-06
recdev1(96)     0.995516  7.35422e-07
Fcast_recruitments(97)    0.0813402  4.67987e-06
Fcast_recruitments(98)    -0.220278  2.27902e-06
Fcast_recruitments(99)    -0.290329    4.669e-07
Fcast_recruitments(100)   -0.0618405 -6.52337e-06
Fcast_recruitments(101)            0            0
Fcast_recruitments(102)            0            0
Fcast_recruitments(103)            0            0
Fcast_recruitments(104)            0            0
Fcast_recruitments(105)            0            0
Fcast_recruitments(106)            0            0
Fcast_recruitments(107)            0            0
Fcast_recruitments(108)            0            0
Fcast_recruitments(109)            0            0
Fcast_recruitments(110)            0            0
