ParName   Value   Gradient
SR_parm[1]      10.4482  3.99684e-05
recdev_early(-28)            5 -5.98102e-07
recdev_early(-27)   0.00559617   9.1751e-08
recdev_early(-26)   -0.0322758  1.39726e-07
recdev_early(-25)   -0.0778635   3.9401e-07
recdev_early(-24)     -0.13092 -1.38123e-07
recdev_early(-23)    -0.189514   2.6783e-07
recdev_early(-22)    -0.253226  8.72364e-08
recdev_early(-21)     -0.32076  4.07887e-07
recdev_early(-20)    -0.390549  2.40689e-07
recdev_early(-19)    -0.460753 -2.32343e-07
recdev_early(-18)    -0.529231   6.2702e-07
recdev_early(-17)    -0.593468  1.04633e-07
recdev_early(-16)    -0.650449  5.66389e-07
recdev_early(-15)     -0.69647  2.20866e-07
recdev_early(-14)    -0.726843  -5.2446e-07
recdev_early(-13)     -0.73547  1.45788e-07
recdev_early(-12)    -0.714215  3.31449e-07
recdev_early(-11)    -0.652092  2.21374e-07
recdev_early(-10)    -0.534609 -3.40076e-07
recdev_early(-9)    -0.345558 -1.36956e-07
recdev_early(-8)   -0.0847906  -3.7457e-07
recdev_early(-7)      3.31829  1.08861e-06
recdev_early(-6)    0.0794731  2.28017e-07
recdev_early(-5)   -0.0494695  3.52679e-07
recdev_early(-4)    0.0828636  3.05195e-08
recdev_early(-3)     0.573725  1.24783e-07
recdev_early(-2)     0.684982  -4.6625e-07
recdev_early(-1)     0.868941 -1.91925e-07
recdev_early(0)     0.390914 -6.64058e-07
recdev1(1)    0.0638543 -4.47113e-07
recdev1(2)   -0.0748218 -3.65279e-07
recdev1(3)      1.59975 -4.70136e-07
recdev1(4)     0.751895  4.68282e-08
recdev1(5)     -1.10087 -1.94961e-07
recdev1(6)    -0.804593  7.32036e-07
recdev1(7)     0.165849 -5.36584e-07
recdev1(8)     0.427679  6.08961e-07
recdev1(9)   -0.0217583 -2.50756e-07
recdev1(10)      -0.5475 -4.73688e-07
recdev1(11)     0.608704  3.89656e-07
recdev1(12)      0.71051 -4.48376e-07
recdev1(13)    -0.849231  9.06981e-07
recdev1(14)    -0.560454  1.23986e-08
recdev1(15)   -0.0168105 -3.66966e-07
recdev1(16)      0.74258  6.79689e-07
recdev1(17)     0.815041  2.19462e-08
recdev1(18)    0.0781845  9.43765e-07
recdev1(19)     0.212114  1.87004e-07
recdev1(20)    -0.385118 -6.48934e-07
recdev1(21)   -0.0041605  2.60427e-07
recdev1(22)    -0.160715  2.62976e-08
recdev1(23)    -0.241821  5.79527e-07
recdev1(24)    -0.862895 -4.83269e-07
recdev1(25)      1.27041  4.06153e-07
recdev1(26)      1.18815     1.19e-06
recdev1(27)     -1.13868 -8.60498e-07
recdev1(28)     -1.25908 -3.84549e-07
recdev1(29)    -0.903715 -7.31515e-07
recdev1(30)      1.20156  1.23032e-06
recdev1(31)      1.50063  1.41859e-06
recdev1(32)    -0.752717 -6.44036e-07
recdev1(33)    -0.767848 -3.96051e-08
recdev1(34)    -0.359854  2.89997e-07
recdev1(35)    -0.889684  4.99828e-07
recdev1(36)    -0.771105 -8.47428e-09
recdev1(37)    -0.821895 -2.00288e-07
recdev1(38)      0.90842  4.74476e-07
recdev1(39)     0.800017  4.00361e-07
recdev1(40)    -0.862846 -8.68102e-08
recdev1(41)    -0.231163  2.97336e-07
recdev1(42)     0.603259   1.2586e-07
recdev1(43)     0.189112  4.43938e-08
recdev1(44)     -1.24512  2.94582e-09
recdev1(45)     0.615742 -1.46101e-07
recdev1(46)     0.477469  2.14514e-08
recdev1(47)     -1.66704 -5.02305e-07
recdev1(48)     -1.45907  3.42789e-07
recdev1(49)     -1.28259  -2.5169e-08
recdev1(50)    -0.809271 -2.09687e-07
recdev1(51)     0.284097 -3.23958e-07
recdev1(52)     0.968489 -2.46693e-07
recdev1(53)     0.553384 -6.60242e-07
recdev1(54)    -0.286364 -2.86318e-07
recdev1(55)    -0.621246  9.30282e-08
recdev1(56)    -0.317014 -2.70983e-07
recdev1(57)    -0.845485 -7.42262e-07
recdev1(58)     0.378488  1.06853e-07
recdev1(59)     0.539061  1.08717e-08
recdev1(60)     0.912567  3.38828e-07
recdev1(61)      1.03084  2.96929e-08
recdev1(62)     -1.28041 -5.35652e-07
recdev1(63)    -0.618836 -1.80495e-07
recdev1(64)    -0.917023  8.78452e-08
recdev1(65)    -0.701505  8.91237e-08
recdev1(66)    -0.542608 -4.79424e-08
recdev1(67)     0.524805 -8.04663e-08
recdev1(68)     0.631479 -2.76574e-07
recdev1(69)    -0.232955 -3.02165e-07
recdev1(70)    -0.555369  7.56223e-07
recdev1(71)    -0.575535  2.36051e-08
recdev1(72)       1.1401  1.16493e-06
recdev1(73)     0.866981  6.67935e-07
recdev1(74)     -1.33828 -6.33667e-07
recdev1(75)      1.18828  4.98447e-07
recdev1(76)     0.961141   5.6385e-07
recdev1(77)     -1.27998 -9.44282e-07
recdev1(78)     -1.32899  2.85988e-07
recdev1(79)   -0.0833338 -1.41101e-07
recdev1(80)     0.465419  2.51213e-07
recdev1(81)    -0.388562 -2.77499e-07
recdev1(82)    -0.187938  4.63212e-07
recdev1(83)     0.245262 -5.55915e-07
recdev1(84)      1.26046 -1.62165e-07
recdev1(85)      1.30625 -2.41061e-07
recdev1(86)    -0.338702 -9.80232e-08
recdev1(87)     0.983168  2.00567e-08
recdev1(88)     -0.14081  -3.3985e-07
recdev1(89)    -0.709073  2.43427e-07
recdev1(90)    -0.736413 -6.95378e-07
recdev1(91)     0.120027  5.80562e-07
recdev1(92)     0.119354  -2.9427e-07
recdev1(93)      1.22783  1.03238e-07
recdev1(94)      1.97093 -3.45272e-07
recdev1(95)      1.81687 -5.23148e-07
recdev1(96)     0.452669 -3.22542e-07
Fcast_recruitments(97)      -1.0982 -2.74171e-06
Fcast_recruitments(98)     -1.38215  2.69596e-06
Fcast_recruitments(99)     -1.06419   -2.856e-07
Fcast_recruitments(100)    -0.787102 -1.31206e-07
Fcast_recruitments(101)            0            0
Fcast_recruitments(102)            0            0
Fcast_recruitments(103)            0            0
Fcast_recruitments(104)            0            0
Fcast_recruitments(105)            0            0
Fcast_recruitments(106)            0            0
Fcast_recruitments(107)            0            0
Fcast_recruitments(108)            0            0
Fcast_recruitments(109)            0            0
Fcast_recruitments(110)            0            0
selparm[1]      70.9528  2.02448e-06
selparm[3]      6.68572 -4.84891e-05
