ParName   Value   Gradient
SR_parm[1]      10.1594 -2.10945e-05
recdev_early(-28)     0.201944  7.55633e-10
recdev_early(-27)     0.221489 -2.79123e-09
recdev_early(-26)     0.243296 -1.54133e-09
recdev_early(-25)     0.267681 -2.11742e-09
recdev_early(-24)     0.295004  9.11489e-10
recdev_early(-23)      0.32566  3.13897e-09
recdev_early(-22)     0.360059  1.19992e-08
recdev_early(-21)      0.39856  1.55803e-08
recdev_early(-20)     0.441326  1.11687e-08
recdev_early(-19)     0.487969  1.29181e-08
recdev_early(-18)     0.536737  9.85952e-09
recdev_early(-17)      0.58274  2.09732e-08
recdev_early(-16)     0.614918  2.58751e-08
recdev_early(-15)     0.614909  2.16945e-08
recdev_early(-14)     0.586764  2.61898e-08
recdev_early(-13)     0.500446  2.92444e-08
recdev_early(-12)     0.370217  1.60147e-08
recdev_early(-11)     0.213627  2.05563e-08
recdev_early(-10)    0.0432435  3.57615e-08
recdev_early(-9)    -0.131495  3.89238e-08
recdev_early(-8)    -0.301383  3.04578e-08
recdev_early(-7)    -0.454688  2.73967e-08
recdev_early(-6)    -0.571651  1.43285e-08
recdev_early(-5)    -0.606337 -3.40605e-09
recdev_early(-4)    -0.426308 -8.53581e-09
recdev_early(-3)     0.651558  -4.3459e-08
recdev_early(-2)     0.259897 -8.37656e-08
recdev_early(-1)    -0.509922 -7.71744e-08
recdev_early(0)      1.09114  -4.3552e-07
recdev1(1)     0.471785 -5.79956e-08
recdev1(2)    -0.285374  8.35798e-08
recdev1(3)     0.500964  6.64812e-09
recdev1(4)      0.53676  -3.4646e-09
recdev1(5)     0.474828 -4.63689e-08
recdev1(6)     0.379975 -2.47152e-08
recdev1(7)     0.249826  1.20517e-08
recdev1(8)    -0.208382  9.27429e-08
recdev1(9)    -0.404389  1.01853e-07
recdev1(10)     -0.50291  1.14686e-07
recdev1(11)    -0.632045  1.26239e-07
recdev1(12)    -0.456016  1.04928e-07
recdev1(13)    -0.800617  1.11379e-07
recdev1(14)      1.54044  -5.7887e-07
recdev1(15)      0.74021 -1.75969e-07
recdev1(16)     -0.71099  9.53691e-08
recdev1(17)    -0.573648   5.9697e-08
recdev1(18)    -0.450917  5.66997e-08
recdev1(19)     0.396884 -9.44831e-08
recdev1(20)    -0.164478  1.94179e-08
recdev1(21)  -0.00125007 -1.70302e-08
recdev1(22)    -0.186064  8.21699e-09
recdev1(23)    -0.151382 -6.25635e-09
recdev1(24)     0.878945  -3.3273e-07
recdev1(25)    -0.150935  -1.9488e-08
recdev1(26)     0.954754 -4.81308e-07
recdev1(27)    -0.722713  7.88625e-08
recdev1(28)     0.189512 -1.36355e-07
recdev1(29)   -0.0230538 -9.91845e-08
recdev1(30)   0.00698461 -1.31271e-07
recdev1(31)     0.096475 -1.29404e-07
recdev1(32)    -0.486094  8.16206e-09
recdev1(33)    -0.496783 -8.84935e-09
recdev1(34)    -0.921379  5.59542e-08
recdev1(35)    -0.925175  5.05373e-08
recdev1(36)    0.0391117 -1.56279e-07
recdev1(37)     0.196202  -2.4368e-07
recdev1(38)    -0.100895 -1.39557e-07
recdev1(39)     0.575772 -4.56415e-07
recdev1(40)      1.47047 -1.28291e-06
recdev1(41)     -0.60761 -2.16094e-08
recdev1(42)     -1.17344  5.80697e-08
recdev1(43)     0.561641 -3.90361e-07
recdev1(44)    -0.581281  1.26004e-08
recdev1(45)    -0.644641  8.07482e-09
recdev1(46)      0.65027  -4.5814e-07
recdev1(47)    -0.386473 -4.11273e-08
recdev1(48)    -0.935553  5.22968e-08
recdev1(49)   -0.0449036 -1.27398e-07
recdev1(50)    -0.218082 -8.48778e-08
recdev1(51)    -0.120966 -8.21513e-08
recdev1(52)     0.164465 -1.68629e-07
recdev1(53)    -0.362348 -2.48311e-08
recdev1(54)     0.377369 -2.02444e-07
recdev1(55)    -0.244606  3.65264e-09
recdev1(56)     0.156296 -4.98568e-08
recdev1(57)     0.784343 -2.25552e-07
recdev1(58)     0.250988 -5.77995e-08
recdev1(59)    -0.287475  3.87888e-08
recdev1(60)     0.833701 -1.91644e-07
recdev1(61)     0.733643 -8.64078e-08
recdev1(62)     0.387135  7.36178e-09
recdev1(63)     0.114792  1.00717e-07
recdev1(64)    -0.434346  1.29533e-07
recdev1(65)      1.01757 -8.90722e-08
recdev1(66)    -0.354783  9.99416e-08
recdev1(67)      1.71586 -4.01925e-07
recdev1(68)      1.21223  -1.9578e-07
recdev1(69)    -0.200772  9.95539e-08
recdev1(70)    -0.718755  1.38454e-07
recdev1(71)    -0.536192  1.12162e-07
recdev1(72)     0.196664    1.917e-08
recdev1(73)    -0.135196  8.48398e-08
recdev1(74)    -0.271172  1.43755e-07
recdev1(75)    -0.623345  2.07525e-07
recdev1(76)   -0.0123868  2.24244e-07
recdev1(77)    -0.581382  1.67625e-07
recdev1(78)     -1.07311  1.31276e-07
recdev1(79)    -0.257913  1.02719e-07
recdev1(80)     0.806909  1.21744e-07
recdev1(81)    -0.254254  2.20274e-07
recdev1(82)     0.526939  1.69185e-07
recdev1(83)    -0.837605  1.59827e-07
recdev1(84)    0.0212045  1.45692e-07
recdev1(85)     0.555325  2.52649e-07
recdev1(86)     0.390178  2.94998e-07
recdev1(87)     0.230223  2.43346e-07
recdev1(88)     -0.31829  2.01461e-07
recdev1(89)    -0.508127  1.85586e-07
recdev1(90)    -0.552408   2.2493e-07
recdev1(91)      0.25506  3.74428e-07
recdev1(92)    -0.449571   3.0405e-07
recdev1(93)      -0.1845   3.6878e-07
recdev1(94)     0.060914  3.27721e-07
recdev1(95)       1.7134   5.8861e-07
recdev1(96)    -0.150044  2.17065e-07
Fcast_recruitments(97)     0.415662 -5.23964e-08
Fcast_recruitments(98)     0.293233 -5.35563e-08
Fcast_recruitments(99)    -0.264189 -8.74047e-09
Fcast_recruitments(100)   -0.0241356 -1.51885e-08
Fcast_recruitments(101)            0            0
Fcast_recruitments(102)            0            0
Fcast_recruitments(103)            0            0
Fcast_recruitments(104)            0            0
Fcast_recruitments(105)            0            0
Fcast_recruitments(106)            0            0
Fcast_recruitments(107)            0            0
Fcast_recruitments(108)            0            0
Fcast_recruitments(109)            0            0
Fcast_recruitments(110)            0            0
