ParName   Value   Gradient
SR_parm[1]      10.0697   0.00127045
recdev_early(-28)  -0.00368309  1.90876e-06
recdev_early(-27)  -0.00402296  2.03913e-06
recdev_early(-26)  -0.00439253  2.17015e-06
recdev_early(-25)  -0.00479514  2.29988e-06
recdev_early(-24)  -0.00523258  2.42515e-06
recdev_early(-23)  -0.00570897  2.54289e-06
recdev_early(-22)  -0.00622363  2.64787e-06
recdev_early(-21)  -0.00678104  2.73595e-06
recdev_early(-20)  -0.00738009  2.80128e-06
recdev_early(-19)  -0.00802627   2.8394e-06
recdev_early(-18)  -0.00872325  2.84545e-06
recdev_early(-17)  -0.00947143   2.8152e-06
recdev_early(-16)   -0.0102693  2.74668e-06
recdev_early(-15)   -0.0111197  2.64118e-06
recdev_early(-14)   -0.0120211  2.50452e-06
recdev_early(-13)   -0.0129673  2.34913e-06
recdev_early(-12)   -0.0139568  2.19398e-06
recdev_early(-11)   -0.0149822  2.06616e-06
recdev_early(-10)   -0.0160279   2.0007e-06
recdev_early(-9)   -0.0170774  2.03605e-06
recdev_early(-8)   -0.0181106  2.20888e-06
recdev_early(-7)   -0.0190962  2.54672e-06
recdev_early(-6)   -0.0199932  3.05682e-06
recdev_early(-5)   -0.0207532  3.71659e-06
recdev_early(-4)   -0.0213154  4.46756e-06
recdev_early(-3)   -0.0216019  5.20879e-06
recdev_early(-2)    -0.021512  5.78138e-06
recdev_early(-1)   -0.0209063  5.94108e-06
recdev_early(0)   -0.0196023  5.34454e-06
recdev1(1)   -0.0234658 -7.89128e-06
recdev1(2)   -0.0200008 -8.44717e-06
recdev1(3)   -0.0149224 -8.28205e-06
recdev1(4)    -0.007764 -6.42556e-06
recdev1(5)   0.00203186 -4.67933e-06
recdev1(6)    0.0150945  -1.1116e-05
recdev1(7)    0.0320604 -1.95201e-05
recdev1(8)     0.053404  1.72338e-05
recdev1(9)    0.0790328 -2.91635e-05
recdev1(10)     0.107541  8.66694e-06
recdev1(11)      0.13476  1.96884e-05
recdev1(12)     0.151981  5.46734e-06
recdev1(13)     0.145831  1.57606e-05
recdev1(14)     0.104441 -9.26676e-06
recdev1(15)    0.0300628   4.6524e-06
recdev1(16)   -0.0531826  3.67754e-05
recdev1(17)    -0.105937  2.38598e-06
recdev1(18)   -0.0963431 -1.15768e-05
recdev1(19)   -0.0498367  9.95424e-06
recdev1(20)    -0.160511 -6.49217e-06
recdev1(21)    -0.471585  -7.7793e-06
recdev1(22)    -0.492618  1.75587e-05
recdev1(23)     0.630408  2.29533e-05
recdev1(24)     0.346609  -1.0173e-05
recdev1(25)     0.738446  3.38627e-05
recdev1(26)     0.334062  6.06163e-06
recdev1(27)    -0.168465 -1.02838e-05
recdev1(28)     0.496344   2.8341e-05
recdev1(29)     0.242433  1.47854e-05
recdev1(30)     -0.41968 -1.11229e-05
recdev1(31)     0.160428  2.29575e-05
recdev1(32)    -0.190961  6.79196e-06
recdev1(33)     -0.75815 -1.18692e-05
recdev1(34)     -0.91056  1.88545e-05
recdev1(35)     -1.04092 -9.54008e-06
recdev1(36)     0.101614  1.33024e-05
recdev1(37)     0.365123  1.79458e-05
recdev1(38)   -0.0381271  1.18111e-05
recdev1(39)     0.596102  2.63829e-05
recdev1(40)      1.43615  6.92326e-05
recdev1(41)    -0.698497 -1.45521e-05
recdev1(42)    -0.486825  1.91367e-05
recdev1(43)      0.32851  6.76554e-06
recdev1(44)    -0.328806   2.1435e-05
recdev1(45)    -0.267236 -7.48081e-06
recdev1(46)     0.473999  2.26847e-05
recdev1(47)   -0.0853427  6.97818e-08
recdev1(48)    -0.637166  4.02321e-06
recdev1(49)  -0.00197904  7.39568e-06
recdev1(50)   -0.0161202   7.1132e-06
recdev1(51)    -0.358323 -2.26476e-06
recdev1(52)     0.188559  9.22105e-06
recdev1(53)     0.195004  2.36112e-06
recdev1(54)    0.0214748  5.20577e-06
recdev1(55)    0.0745463  2.83824e-06
recdev1(56)     0.232318  -1.8478e-06
recdev1(57)     0.776321  1.28046e-05
recdev1(58)     0.136423 -1.03787e-05
recdev1(59)    -0.839802  8.24121e-06
recdev1(60)     0.709735   4.2781e-06
recdev1(61)      1.06232 -6.30249e-06
recdev1(62)   -0.0242389  4.04586e-05
recdev1(63)    -0.195281 -5.67777e-05
recdev1(64)    0.0352599  1.86344e-05
recdev1(65)      1.07948 -1.61629e-06
recdev1(66)    -0.740408 -3.41309e-05
recdev1(67)       1.7669  1.13937e-05
recdev1(68)     0.989768    6.907e-06
recdev1(69)    -0.271059  -2.0808e-05
recdev1(70)    -0.118435 -8.05807e-06
recdev1(71)    -0.517115  1.98115e-07
recdev1(72)    0.0410629 -1.60088e-05
recdev1(73)    -0.549845 -2.17657e-06
recdev1(74)    -0.440365  -9.4699e-06
recdev1(75)    -0.293017 -1.46776e-05
recdev1(76)     0.293104 -7.68482e-06
recdev1(77)    -0.947086 -2.67866e-05
recdev1(78)    -0.807417  3.79274e-06
recdev1(79)    -0.719118 -2.21561e-05
recdev1(80)     0.791441 -1.13509e-05
recdev1(81)   -0.0120606 -1.50112e-05
recdev1(82)     0.119555 -1.31868e-05
recdev1(83)    -0.823945 -2.84485e-06
recdev1(84)    -0.575745 -1.29859e-05
recdev1(85)      1.02596   -1.396e-05
recdev1(86)    0.0597043 -1.26582e-05
recdev1(87)    -0.194997 -1.41765e-05
recdev1(88)    -0.163436 -9.90451e-06
recdev1(89)    -0.366708 -1.17447e-05
recdev1(90)    -0.751775 -9.10791e-06
recdev1(91)     0.137976 -1.17797e-05
recdev1(92)    -0.765918 -1.33601e-05
recdev1(93)    -0.440459 -8.19697e-06
recdev1(94)    -0.167185 -1.24084e-05
recdev1(95)      1.62784  -1.4371e-05
recdev1(96)     0.157528 -9.00158e-06
Fcast_recruitments(97)     0.165534  6.61102e-08
Fcast_recruitments(98)     0.191053  1.76666e-06
Fcast_recruitments(99)      0.34683  1.04133e-06
Fcast_recruitments(100)    -0.058571  5.39594e-06
Fcast_recruitments(101)            0            0
selparm[1]      41.5134  0.000194402
selparm[3]      5.02333 -0.000341107
