ParName   Value   Gradient
SR_parm[1]      10.1481  0.000859108
recdev_early(-28)     0.115383  3.37889e-06
recdev_early(-27)     0.127697   2.5103e-06
recdev_early(-26)     0.141428  2.12891e-06
recdev_early(-25)      0.15673   2.0298e-06
recdev_early(-24)     0.173743  1.85024e-06
recdev_early(-23)     0.192578  2.93406e-06
recdev_early(-22)     0.213263  1.01807e-06
recdev_early(-21)     0.235663  1.45247e-06
recdev_early(-20)     0.259327  3.54339e-06
recdev_early(-19)     0.283227  4.08559e-06
recdev_early(-18)     0.305337  3.35105e-06
recdev_early(-17)     0.322042  5.38209e-06
recdev_early(-16)     0.327565  -2.2607e-06
recdev_early(-15)     0.314078  6.27446e-06
recdev_early(-14)     0.273453  5.42414e-06
recdev_early(-13)     0.200539  3.17211e-06
recdev_early(-12)    0.0954974 -1.88049e-06
recdev_early(-11)   -0.0363345 -7.53454e-07
recdev_early(-10)    -0.181974 -5.76175e-07
recdev_early(-9)    -0.331968  8.53318e-07
recdev_early(-8)     -0.47716  1.75277e-07
recdev_early(-7)    -0.604885 -1.62221e-06
recdev_early(-6)    -0.694072 -3.79942e-06
recdev_early(-5)    -0.697982 -1.55008e-07
recdev_early(-4)    -0.484937   6.3541e-06
recdev_early(-3)     0.617199  1.47442e-05
recdev_early(-2)      0.26395  3.20294e-05
recdev_early(-1)    -0.502594  9.05651e-06
recdev_early(0)       1.1052 -5.75136e-06
recdev1(1)     0.482773  -2.3603e-07
recdev1(2)    -0.281932 -6.21946e-06
recdev1(3)     0.514472  -5.7785e-07
recdev1(4)      0.54724 -7.09235e-06
recdev1(5)     0.486202 -6.80165e-06
recdev1(6)     0.390741 -2.45209e-05
recdev1(7)     0.262056 -1.52733e-05
recdev1(8)    -0.198808 -1.01318e-05
recdev1(9)    -0.393893 -1.53674e-05
recdev1(10)    -0.491779 -5.07343e-06
recdev1(11)    -0.623577 -1.29967e-05
recdev1(12)    -0.442191 -4.77144e-06
recdev1(13)    -0.803728  -6.0811e-06
recdev1(14)      1.55348  1.37583e-05
recdev1(15)     0.752813  7.02019e-06
recdev1(16)    -0.710659 -4.74378e-06
recdev1(17)    -0.561677 -3.25842e-06
recdev1(18)    -0.444111 -1.52471e-06
recdev1(19)     0.411748   1.1553e-05
recdev1(20)    -0.157648  8.26162e-06
recdev1(21)    0.0119851  6.27517e-06
recdev1(22)    -0.174989  3.39013e-06
recdev1(23)    -0.144655  7.84056e-06
recdev1(24)     0.894282  5.21569e-05
recdev1(25)    -0.152226  1.36962e-05
recdev1(26)     0.971173  3.38781e-05
recdev1(27)    -0.731076  6.95006e-06
recdev1(28)     0.204935  3.42953e-06
recdev1(29)   -0.0131967  -1.0625e-06
recdev1(30)    0.0180421  1.87474e-06
recdev1(31)     0.109989   7.6122e-07
recdev1(32)    -0.478301 -1.65354e-05
recdev1(33)    -0.483296 -9.76266e-06
recdev1(34)    -0.912453 -5.88798e-06
recdev1(35)    -0.918144 -3.68456e-06
recdev1(36)     0.051821  6.36137e-06
recdev1(37)     0.207686  1.95497e-05
recdev1(38)   -0.0913567  1.24065e-05
recdev1(39)     0.586078  6.85719e-05
recdev1(40)      1.48325  7.17294e-05
recdev1(41)    -0.604103 -2.70815e-07
recdev1(42)     -1.17738 -7.28284e-06
recdev1(43)     0.575942  2.61405e-05
recdev1(44)    -0.576815  7.83206e-06
recdev1(45)    -0.639053  1.23684e-06
recdev1(46)     0.662077  1.97688e-06
recdev1(47)    -0.379179 -4.06135e-06
recdev1(48)    -0.932281 -1.40086e-05
recdev1(49)   -0.0342866 -2.58572e-06
recdev1(50)     -0.21135  1.06286e-06
recdev1(51)    -0.114026  4.62813e-06
recdev1(52)     0.172479  5.62434e-06
recdev1(53)    -0.359541 -3.53558e-06
recdev1(54)     0.384604  -8.8429e-06
recdev1(55)    -0.242262 -2.29739e-05
recdev1(56)     0.160739 -1.66295e-05
recdev1(57)     0.788144 -1.34049e-05
recdev1(58)     0.253695 -4.15266e-06
recdev1(59)     -0.28902 -5.65857e-06
recdev1(60)     0.835728  1.30528e-05
recdev1(61)     0.733196 -6.04322e-06
recdev1(62)      0.38577  2.15083e-05
recdev1(63)     0.113706 -5.32091e-06
recdev1(64)    -0.443263  3.21964e-06
recdev1(65)      1.01564 -2.91582e-05
recdev1(66)    -0.370393 -1.17957e-05
recdev1(67)      1.71065 -2.10917e-05
recdev1(68)      1.20452 -1.89391e-05
recdev1(69)    -0.212112  4.63694e-06
recdev1(70)    -0.731708 -3.78308e-06
recdev1(71)    -0.549386 -6.12879e-06
recdev1(72)     0.184389 -5.94126e-06
recdev1(73)    -0.152361 -3.17669e-06
recdev1(74)     -0.28782 -9.84273e-07
recdev1(75)    -0.644957  -8.4707e-06
recdev1(76)   -0.0309625 -8.70307e-06
recdev1(77)    -0.603229 -8.13732e-07
recdev1(78)     -1.09833  3.18483e-06
recdev1(79)     -0.28064  8.52923e-06
recdev1(80)     0.784171  4.70736e-05
recdev1(81)    -0.283444  7.62777e-06
recdev1(82)     0.503294  3.32996e-05
recdev1(83)    -0.871546  1.94095e-07
recdev1(84)  -0.00533269  1.44987e-05
recdev1(85)     0.526788  -3.3306e-06
recdev1(86)     0.359735  2.80496e-06
recdev1(87)     0.199172 -1.12972e-05
recdev1(88)    -0.351958 -7.84169e-06
recdev1(89)     -0.54219 -8.49278e-06
recdev1(90)    -0.589476 -6.20067e-07
recdev1(91)     0.219577  -1.4629e-05
recdev1(92)    -0.489785 -2.06984e-05
recdev1(93)    -0.222372 -1.26118e-05
recdev1(94)    0.0194135 -2.19222e-05
recdev1(95)      1.67553 -3.32927e-05
recdev1(96)    -0.193423 -9.42269e-06
recdev1(97)     0.385416 -6.74307e-06
recdev1(98)     0.247754  -3.2888e-06
recdev1(99)    -0.332212  -4.0349e-06
recdev1(100)      0.01299 -5.00785e-06
Fcast_recruitments(101)            0            0
selparm[1]      42.0092  0.000249138
selparm[3]      5.09601 -0.000521114
