#V3.30
#C data file created using the SS_writedat function in the R package r4ss
#C should work with SS version: 
#C file write time: 2020-05-12 22:15:21
#
1 #_styr
100 #_endyr
1 #_nseas
12 #_months_per_seas
2 #_Nsubseasons
1 #_spawn_month
1 #_Ngenders
60 #_Nages
1 #_N_areas
2 #_Nfleets
#_fleetinfo
#_type	surveytiming	area	units	need_catch_mult	fleetname
1	-1	1	1	0	Fishery	#_1
3	 1	1	2	0	Survey 	#_2
#_Catch data
#_year	season	fleet	catch	catch_se
 -999	1	1	   0.000	0.0	#_1         
    1	1	1	 166.248	0.1	#_2         
    2	1	1	 190.432	0.1	#_3         
    3	1	1	 215.004	0.1	#_4         
    4	1	1	 240.632	0.1	#_5         
    5	1	1	 267.341	0.1	#_6         
    6	1	1	 294.610	0.1	#_7         
    7	1	1	 322.279	0.1	#_8         
    8	1	1	 350.630	0.1	#_9         
    9	1	1	 379.687	0.1	#_10        
   10	1	1	 408.860	0.1	#_11        
   11	1	1	 437.043	0.1	#_12        
   12	1	1	 462.952	0.1	#_13        
   13	1	1	 485.598	0.1	#_14        
   14	1	1	 504.571	0.1	#_15        
   15	1	1	 520.187	0.1	#_16        
   16	1	1	 534.464	0.1	#_17        
   17	1	1	 552.102	0.1	#_18        
   18	1	1	 577.156	0.1	#_19        
   19	1	1	 608.080	0.1	#_20        
   20	1	1	 638.950	0.1	#_21        
   21	1	1	 665.430	0.1	#_22        
   22	1	1	 687.443	0.1	#_23        
   23	1	1	 706.773	0.1	#_24        
   24	1	1	 724.423	0.1	#_25        
   25	1	1	 740.440	0.1	#_26        
   26	1	1	 731.135	0.1	#_27        
   27	1	1	1692.350	0.1	#_28        
   28	1	1	2628.860	0.1	#_29        
   29	1	1	3544.640	0.1	#_30        
   30	1	1	4433.140	0.1	#_31        
   31	1	1	5271.830	0.1	#_32        
   32	1	1	6034.110	0.1	#_33        
   33	1	1	6703.260	0.1	#_34        
   34	1	1	7271.440	0.1	#_35        
   35	1	1	7729.190	0.1	#_36        
   36	1	1	8061.660	0.1	#_37        
   37	1	1	8255.740	0.1	#_38        
   38	1	1	8314.780	0.1	#_39        
   39	1	1	8272.040	0.1	#_40        
   40	1	1	8182.600	0.1	#_41        
   41	1	1	8101.130	0.1	#_42        
   42	1	1	8095.620	0.1	#_43        
   43	1	1	8249.300	0.1	#_44        
   44	1	1	8553.440	0.1	#_45        
   45	1	1	8859.800	0.1	#_46        
   46	1	1	9027.970	0.1	#_47        
   47	1	1	9028.350	0.1	#_48        
   48	1	1	8892.660	0.1	#_49        
   49	1	1	8675.410	0.1	#_50        
   50	1	1	8421.780	0.1	#_51        
   51	1	1	8124.900	0.1	#_52        
   52	1	1	7765.920	0.1	#_53        
   53	1	1	7368.420	0.1	#_54        
   54	1	1	6977.960	0.1	#_55        
   55	1	1	6626.340	0.1	#_56        
   56	1	1	6133.180	0.1	#_57        
   57	1	1	5743.190	0.1	#_58        
   58	1	1	5438.130	0.1	#_59        
   59	1	1	5209.860	0.1	#_60        
   60	1	1	5070.720	0.1	#_61        
   61	1	1	5014.700	0.1	#_62        
   62	1	1	4825.030	0.1	#_63        
   63	1	1	4675.680	0.1	#_64        
   64	1	1	4580.130	0.1	#_65        
   65	1	1	4522.860	0.1	#_66        
   66	1	1	4447.980	0.1	#_67        
   67	1	1	4324.090	0.1	#_68        
   68	1	1	4182.510	0.1	#_69        
   69	1	1	4091.130	0.1	#_70        
   70	1	1	4121.470	0.1	#_71        
   71	1	1	4278.890	0.1	#_72        
   72	1	1	4450.170	0.1	#_73        
   73	1	1	4490.320	0.1	#_74        
   74	1	1	4350.160	0.1	#_75        
   75	1	1	4081.410	0.1	#_76        
   76	1	1	3755.480	0.1	#_77        
   77	1	1	3412.450	0.1	#_78        
   78	1	1	3066.080	0.1	#_79        
   79	1	1	2723.870	0.1	#_80        
   80	1	1	2390.430	0.1	#_81        
   81	1	1	2349.310	0.1	#_82        
   82	1	1	2303.870	0.1	#_83        
   83	1	1	2273.600	0.1	#_84        
   84	1	1	2272.730	0.1	#_85        
   85	1	1	2296.410	0.1	#_86        
   86	1	1	2327.160	0.1	#_87        
   87	1	1	2352.800	0.1	#_88        
   88	1	1	2376.960	0.1	#_89        
   89	1	1	2409.550	0.1	#_90        
   90	1	1	2449.970	0.1	#_91        
   91	1	1	2484.290	0.1	#_92        
   92	1	1	2497.050	0.1	#_93        
   93	1	1	2483.530	0.1	#_94        
   94	1	1	2451.620	0.1	#_95        
   95	1	1	2411.720	0.1	#_96        
   96	1	1	2371.370	0.1	#_97        
   97	1	1	2348.980	0.1	#_98        
   98	1	1	2378.270	0.1	#_99        
   99	1	1	2470.900	0.1	#_100       
  100	1	1	2594.710	0.1	#_101       
-9999	0	0	   0.000	0.0	#_terminator
#_CPUE_and_surveyabundance_observations
#_Units:  0=numbers; 1=biomass; 2=F; >=30 for special types
#_Errtype:  -1=normal; 0=lognormal; >0=T
#_SD_Report: 0=no sdreport; 1=enable sdreport
#_Fleet	Units	Errtype	SD_Report
1	1	0	0	#_Fishery
2	1	0	0	#_Survey 
#
#_CPUE_data
#_year	seas	index	obs	se_log
    1	7	1	230216.6	0.1	#_1         
    2	7	1	215261.5	0.1	#_2         
    3	7	1	173756.2	0.1	#_3         
    4	7	1	198597.9	0.1	#_4         
    5	7	1	181672.8	0.1	#_5         
    6	7	1	202158.3	0.1	#_6         
    7	7	1	206504.3	0.1	#_7         
    8	7	1	164851.5	0.1	#_8         
    9	7	1	197303.3	0.1	#_9         
   10	7	1	180240.0	0.1	#_10        
   11	7	1	171307.5	0.1	#_11        
   12	7	1	210770.4	0.1	#_12        
   13	7	1	189714.0	0.1	#_13        
   14	7	1	203420.6	0.1	#_14        
   15	7	1	178628.0	0.1	#_15        
   16	7	1	207713.0	0.1	#_16        
   17	7	1	207526.6	0.1	#_17        
   18	7	1	204626.6	0.1	#_18        
   19	7	1	181002.9	0.1	#_19        
   20	7	1	170563.7	0.1	#_20        
   21	7	1	183442.2	0.1	#_21        
   22	7	1	186794.7	0.1	#_22        
   23	7	1	199846.2	0.1	#_23        
   24	7	1	200223.9	0.1	#_24        
   25	7	1	202046.4	0.1	#_25        
   26	7	1	146483.1	0.1	#_26        
   27	7	1	221334.3	0.1	#_27        
   28	7	1	164513.1	0.1	#_28        
   29	7	1	163935.9	0.1	#_29        
   30	7	1	141950.3	0.1	#_30        
   31	7	1	161404.3	0.1	#_31        
   32	7	1	174673.2	0.1	#_32        
   33	7	1	154430.2	0.1	#_33        
   34	7	1	136373.2	0.1	#_34        
   35	7	1	151399.5	0.1	#_35        
   36	7	1	139638.1	0.1	#_36        
   37	7	1	132804.2	0.1	#_37        
   38	7	1	103876.5	0.1	#_38        
   39	7	1	 79586.4	0.1	#_39        
   40	7	1	 95216.5	0.1	#_40        
   41	7	1	 92425.0	0.1	#_41        
   42	7	1	 80913.7	0.1	#_42        
   43	7	1	 84554.4	0.1	#_43        
   44	7	1	 82625.5	0.1	#_44        
   45	7	1	 86958.7	0.1	#_45        
   46	7	1	 72015.5	0.1	#_46        
   47	7	1	 68178.5	0.1	#_47        
   48	7	1	 63482.8	0.1	#_48        
   49	7	1	 70227.4	0.1	#_49        
   50	7	1	 67883.4	0.1	#_50        
   51	7	1	 58025.6	0.1	#_51        
   52	7	1	 68283.5	0.1	#_52        
   53	7	1	 54369.1	0.1	#_53        
   54	7	1	 43202.4	0.1	#_54        
   55	7	1	 43809.3	0.1	#_55        
   56	7	1	 37962.3	0.1	#_56        
   57	7	1	 41859.9	0.1	#_57        
   58	7	1	 34222.3	0.1	#_58        
   59	7	1	 30507.1	0.1	#_59        
   60	7	1	 27386.4	0.1	#_60        
   61	7	1	 30838.9	0.1	#_61        
   62	7	1	 33081.5	0.1	#_62        
   63	7	1	 31062.1	0.1	#_63        
   64	7	1	 34338.5	0.1	#_64        
   65	7	1	 28950.4	0.1	#_65        
   66	7	1	 39178.1	0.1	#_66        
   67	7	1	 30020.2	0.1	#_67        
   68	7	1	 39596.5	0.1	#_68        
   69	7	1	 33485.1	0.1	#_69        
   70	7	1	 40175.1	0.1	#_70        
   71	7	1	 42829.3	0.1	#_71        
   72	7	1	 48857.4	0.1	#_72        
   73	7	1	 51815.6	0.1	#_73        
   74	7	1	 53057.3	0.1	#_74        
   75	7	1	 58709.5	0.1	#_75        
   76	7	1	 52460.4	0.1	#_76        
   77	7	1	 47481.7	0.1	#_77        
   78	7	1	 48639.3	0.1	#_78        
   79	7	1	 45028.7	0.1	#_79        
   80	7	1	 47282.2	0.1	#_80        
   81	7	1	 45586.5	0.1	#_81        
   82	7	1	 48764.6	0.1	#_82        
   83	7	1	 53950.5	0.1	#_83        
   84	7	1	 45485.7	0.1	#_84        
   85	7	1	 43534.6	0.1	#_85        
   86	7	1	 48096.1	0.1	#_86        
   87	7	1	 43117.0	0.1	#_87        
   88	7	1	 50301.9	0.1	#_88        
   89	7	1	 54842.6	0.1	#_89        
   90	7	1	 49470.2	0.1	#_90        
   91	7	1	 45722.9	0.1	#_91        
   92	7	1	 53555.3	0.1	#_92        
   93	7	1	 43742.2	0.1	#_93        
   94	7	1	 47130.1	0.1	#_94        
   95	7	1	 48671.7	0.1	#_95        
   96	7	1	 46050.0	0.1	#_96        
   97	7	1	 50592.7	0.1	#_97        
   98	7	1	 46893.4	0.1	#_98        
   99	7	1	 46684.5	0.1	#_99        
  100	7	1	 50274.2	0.1	#_100       
-9999	0	0	     0.0	0.0	#_terminator
0 #_N_discard_fleets
#_discard_units (1=same_as_catchunits(bio/num); 2=fraction; 3=numbers)
#_discard_errtype:  >0 for DF of T-dist(read CV below); 0 for normal with CV; -1 for normal with se; -2 for lognormal
#
#_discard_fleet_info
#
#_discard_data
#
#_meanbodywt
0 #_use_meanbodywt
 #_DF_for_meanbodywt_T-distribution_like
#
#_population_length_bins
2 # length bin method: 1=use databins; 2=generate from binwidth,min,max below; 3=read vector
1 # binwidth for population size comp
10 # minimum size in the population (lower edge of first bin and size at age 0.00)
82 # maximum size in the population (lower edge of last bin)
1 #_use_lencomp
#
#_len_info
#_mintailcomp	addtocomp	combine_M_F	CompressBins	CompError	ParmSelect	minsamplesize
-1	1e-10	0	0	0	0	1	#_Fishery
-1	1e-10	0	0	0	0	1	#_Survey 
37 #_N_lbins
#_lbin_vector
10 12 14 16 18 20 22 24 26 28 30 32 34 36 38 40 42 44 46 48 50 52 54 56 58 60 62 64 66 68 70 72 74 76 78 80 82 #_lbin_vector
#
#_lencomp
#_Yr	Seas	FltSvy	Gender	Part	Nsamp	l10	l12	l14	l16	l18	l20	l22	l24	l26	l28	l30	l32	l34	l36	l38	l40	l42	l44	l46	l48	l50	l52	l54	l56	l58	l60	l62	l64	l66	l68	l70	l72	l74	l76	l78	l80	l82
    1	1	1	0	0	1000	0.003876330	0.002450890	0.008065950	0.02969770	0.03321640	0.0195854	0.0300080	0.0665058	0.1338300	0.2176100	0.280390	0.296036	0.281582	0.289776	0.347225	0.442871	0.562681	0.707753	0.857796	0.973901	1.016330	0.963727	0.824754	0.634328	0.4371540	0.2692960	0.1479500	0.07233400	0.03140610	0.012086600	0.004116130	1.66403e-03	0	0	0	0	0	#_1         
    2	1	1	0	0	1000	0.001571860	0.001066180	0.004282970	0.01686580	0.02931680	0.0594826	0.1073910	0.1105610	0.1006300	0.1495790	0.250622	0.353276	0.407378	0.407387	0.400133	0.434198	0.519348	0.647212	0.790139	0.909289	0.964023	0.928444	0.805490	0.626370	0.4352180	0.2696080	0.1486400	0.07281500	0.03164650	0.012184900	0.004150810	1.67882e-03	0	0	0	0	0	#_2         
    3	1	1	0	0	1000	0.003988580	0.002033010	0.001788200	0.00694362	0.01369560	0.0346839	0.0818459	0.1446940	0.2164550	0.2550800	0.258398	0.302434	0.396790	0.474512	0.498355	0.497319	0.522955	0.605883	0.725924	0.839201	0.900183	0.878501	0.771857	0.606883	0.4254880	0.2653950	0.1470370	0.07226580	0.03147180	0.012132000	0.004135530	1.67352e-03	0	0	0	0	0	#_3         
    4	1	1	0	0	1000	0.003855940	0.002161760	0.004336840	0.01599620	0.01947990	0.0188683	0.0389551	0.0850611	0.1711520	0.2853760	0.382609	0.428808	0.442756	0.474632	0.523543	0.552974	0.565900	0.607205	0.687722	0.779462	0.837107	0.824293	0.732057	0.581569	0.4114590	0.2585790	0.1441070	0.07113710	0.03107630	0.012004400	0.004097480	1.65976e-03	0	0	0	0	0	#_4         
    5	1	1	0	0	1000	0.003620610	0.002039710	0.004220080	0.01594260	0.02293360	0.0342186	0.0612543	0.0767817	0.1041640	0.1869690	0.322482	0.466953	0.561642	0.589324	0.586599	0.588043	0.598041	0.627939	0.680981	0.745027	0.788315	0.776099	0.693762	0.555869	0.3966200	0.2511510	0.1408660	0.06989700	0.03065670	0.011877500	0.004062690	1.64854e-03	0	0	0	0	0	#_5         
    6	1	1	0	0	1000	0.003212770	0.001827040	0.003975430	0.01505770	0.02196600	0.0346093	0.0679648	0.1000460	0.1363760	0.1816350	0.245398	0.362870	0.518284	0.642395	0.689905	0.677316	0.652117	0.656389	0.688982	0.731625	0.757726	0.738939	0.660423	0.531721	0.3819550	0.2435530	0.1374820	0.06859760	0.03022570	0.011753700	0.004031840	1.64029e-03	0	0	0	0	0	#_6         
    7	1	1	0	0	1000	0.002851470	0.001621910	0.003534310	0.01342080	0.01991120	0.0325822	0.0654235	0.1009120	0.1496500	0.2130110	0.274515	0.345034	0.445367	0.574804	0.689408	0.738945	0.726926	0.710110	0.714188	0.732482	0.740630	0.712052	0.632648	0.509451	0.3673360	0.2354930	0.1336990	0.06707550	0.02969930	0.011597200	0.003991870	1.62961e-03	0	0	0	0	0	#_7         
    8	1	1	0	0	1000	0.001725270	0.001054590	0.003123700	0.01192130	0.01770520	0.0291246	0.0591986	0.0939345	0.1451740	0.2170350	0.295001	0.375692	0.457068	0.546195	0.644743	0.725189	0.757666	0.760270	0.754426	0.749788	0.736658	0.694777	0.610897	0.489989	0.3534410	0.2272710	0.1295930	0.06532810	0.02906180	0.011397300	0.003938000	1.61419e-03	0	0	0	0	0	#_8         
    9	1	1	0	0	1000	0.001408060	0.000812700	0.001909940	0.00740580	0.01238450	0.0249424	0.0527838	0.0844653	0.1327840	0.2044990	0.289959	0.385575	0.480030	0.565206	0.642736	0.709698	0.754078	0.780530	0.787256	0.776275	0.746607	0.689504	0.597466	0.475419	0.3419200	0.2199470	0.1257240	0.06360370	0.02840880	0.011186600	0.003880040	1.59754e-03	0	0	0	0	0	#_9         
   10	1	1	0	0	1000	0.001326870	0.000749050	0.001569400	0.00598119	0.00915974	0.0163475	0.0362939	0.0664163	0.1162040	0.1861540	0.270906	0.372632	0.481274	0.581392	0.663200	0.722595	0.760505	0.791651	0.808800	0.801988	0.765823	0.696859	0.594925	0.468297	0.3347330	0.2148130	0.1228210	0.06225560	0.02788780	0.011018700	0.003835310	1.58618e-03	0	0	0	0	0	#_10        
   11	1	1	0	0	1000	0.001044240	0.000608501	0.001489410	0.00565712	0.00830368	0.0134277	0.0279433	0.0480040	0.0846947	0.1480030	0.236382	0.345160	0.463422	0.578723	0.677036	0.745848	0.784374	0.814356	0.833473	0.829280	0.791185	0.714752	0.603585	0.470068	0.3333060	0.2128690	0.1214650	0.06157290	0.02762310	0.010940000	0.003818790	1.58576e-03	0	0	0	0	0	#_11        
   12	1	1	0	0	1000	0.001575900	0.000840427	0.001202160	0.00454984	0.00703738	0.0124808	0.0257008	0.0411070	0.0669315	0.1129970	0.184865	0.289191	0.418544	0.553606	0.673771	0.762049	0.813078	0.848429	0.869040	0.864717	0.824150	0.741682	0.622017	0.480358	0.3379050	0.2144880	0.1219160	0.06169210	0.02767350	0.010971900	0.003837130	1.59858e-03	0	0	0	0	0	#_12        
   13	1	1	0	0	1000	0.000700875	0.000467721	0.001792790	0.00675039	0.00893514	0.0111874	0.0217496	0.0364055	0.0600665	0.0968636	0.150479	0.233391	0.351273	0.494744	0.639990	0.758029	0.833329	0.884122	0.912218	0.909408	0.865977	0.777098	0.648621	0.497786	0.3478110	0.2194190	0.1241180	0.06260520	0.02803730	0.011112800	0.003889220	1.62373e-03	0	0	0	0	0	#_13        
   14	1	1	0	0	1000	0.011316100	0.005469140	0.001020940	0.00324413	0.00614324	0.0141809	0.0287091	0.0395924	0.0547717	0.0851128	0.131298	0.198685	0.295101	0.424613	0.576274	0.720616	0.829030	0.907208	0.952575	0.957163	0.913277	0.818427	0.680797	0.520010	0.3613590	0.2267090	0.1276060	0.06411000	0.02863230	0.011331000	0.003963700	1.65613e-03	0	0	0	0	0	#_14        
   15	1	1	0	0	1000	0.005441270	0.003554560	0.012842300	0.04717110	0.05103730	0.0216892	0.0191554	0.0357331	0.0625676	0.0922828	0.124619	0.175069	0.254005	0.364692	0.504613	0.655871	0.789709	0.899498	0.971647	0.992578	0.954234	0.856692	0.711571	0.541706	0.3748110	0.2340410	0.1311250	0.06560590	0.02920200	0.011528200	0.004026580	1.68146e-03	0	0	0	0	0	#_15        
   16	1	1	0	0	1000	0.000857079	0.000858398	0.006088350	0.02429800	0.04422710	0.0945530	0.1683680	0.1558280	0.0941617	0.0857600	0.122438	0.171902	0.231363	0.315611	0.433409	0.574692	0.716074	0.847236	0.946079	0.989799	0.965179	0.872274	0.725670	0.551679	0.3805670	0.2367340	0.1320960	0.06583200	0.02919900	0.011493200	0.004005340	1.66971e-03	0	0	0	0	0	#_16        
   17	1	1	0	0	1000	0.001474440	0.000773516	0.000981852	0.00440468	0.01374860	0.0482718	0.1208330	0.2203360	0.3270130	0.3497040	0.266039	0.201659	0.217781	0.282463	0.374414	0.491259	0.622108	0.758060	0.873439	0.938467	0.932792	0.852818	0.713419	0.543115	0.3742240	0.2321880	0.1291370	0.06413270	0.02834870	0.011124000	0.003866460	1.60770e-03	0	0	0	0	0	#_17        
   18	1	1	0	0	1000	0.001348580	0.000760384	0.001576710	0.00587117	0.00778325	0.0116008	0.0361846	0.1055950	0.2418630	0.4144230	0.537575	0.532610	0.425691	0.341174	0.349127	0.427087	0.536616	0.663460	0.783057	0.862604	0.875479	0.812501	0.685981	0.524601	0.3619060	0.2243410	0.1245040	0.06166070	0.02717420	0.010631500	0.003685140	1.52766e-03	0	0	0	0	0	#_18        
   19	1	1	0	0	1000	0.003553510	0.001805760	0.001505960	0.00553273	0.00806113	0.0125819	0.0247865	0.0426935	0.0952647	0.2265050	0.434816	0.637277	0.718122	0.648379	0.525101	0.464368	0.496586	0.593284	0.706411	0.793133	0.820751	0.774102	0.661230	0.509388	0.3527280	0.2188940	0.1214010	0.06001910	0.02638910	0.010297700	0.003560160	1.47117e-03	0	0	0	0	0	#_19        
   20	1	1	0	0	1000	0.001780030	0.001139160	0.003892220	0.01446020	0.01738220	0.0150782	0.0244972	0.0379912	0.0618930	0.1159810	0.233488	0.438414	0.673744	0.815559	0.796729	0.681367	0.591235	0.595411	0.666559	0.745282	0.781047	0.747547	0.646539	0.502641	0.3501120	0.2179560	0.1210090	0.05980030	0.02625690	0.010226300	0.003527680	1.45337e-03	0	0	0	0	0	#_20        
   21	1	1	0	0	1000	0.002358830	0.001274750	0.002033830	0.00791564	0.01404800	0.0295755	0.0557254	0.0642897	0.0675943	0.0932007	0.152285	0.271005	0.467448	0.698007	0.856604	0.869391	0.780200	0.706912	0.699195	0.734447	0.759140	0.730817	0.638626	0.501230	0.3516650	0.2199840	0.1224680	0.06058530	0.02659680	0.010348000	0.003564070	1.46465e-03	0	0	0	0	0	#_21        
   22	1	1	0	0	1000	0.001923200	0.001115450	0.002667760	0.01001830	0.01366380	0.0190555	0.0408064	0.0743285	0.1169890	0.1485280	0.165957	0.213809	0.330568	0.518705	0.729403	0.871938	0.893338	0.846422	0.797358	0.776126	0.764483	0.724190	0.633392	0.500402	0.3535780	0.2224590	0.1243490	0.06166570	0.02710040	0.010544400	0.003629110	1.48875e-03	0	0	0	0	0	#_22        
   23	1	1	0	0	1000	0.001939860	0.001087360	0.002190580	0.00834736	0.01277050	0.0219365	0.0431741	0.0637157	0.0974542	0.1561530	0.219570	0.268830	0.320496	0.421401	0.586613	0.763746	0.877131	0.912859	0.892175	0.849736	0.801089	0.734430	0.633345	0.499523	0.3542920	0.2240480	0.1258110	0.06260560	0.02757460	0.010741100	0.003697740	1.51575e-03	0	0	0	0	0	#_23        
   24	1	1	0	0	1000	0.006111010	0.003082670	0.002283960	0.00832828	0.01207120	0.0189735	0.0387634	0.0630765	0.0984411	0.1472310	0.207532	0.282932	0.360128	0.435014	0.533254	0.666855	0.800017	0.897318	0.933558	0.912421	0.851841	0.761769	0.643188	0.501767	0.3549520	0.2248930	0.1267340	0.06329130	0.02795830	0.010912900	0.003761370	1.54238e-03	0	0	0	0	0	#_24        
   25	1	1	0	0	1000	0.001746060	0.001341400	0.006814680	0.02536980	0.03003910	0.0241920	0.0377268	0.0580672	0.0901302	0.1403070	0.202495	0.276191	0.359020	0.446229	0.536291	0.634608	0.741396	0.849812	0.924896	0.939713	0.891997	0.794074	0.660920	0.508674	0.3569410	0.2255350	0.1271900	0.06366990	0.02820340	0.011035900	0.003810940	1.56490e-03	0	0	0	0	0	#_25        
   26	1	1	0	0	1000	0.007063270	0.003520700	0.002101070	0.00826114	0.01868650	0.0498575	0.0962478	0.1078220	0.1059740	0.1343400	0.188610	0.261899	0.347568	0.438120	0.529897	0.620919	0.711030	0.809042	0.893867	0.932848	0.905897	0.814498	0.676347	0.516123	0.3590000	0.2254980	0.1268480	0.06350100	0.02817100	0.011046100	0.003822370	1.57289e-03	0	0	0	0	0	#_26        
   27	1	1	0	0	1000	0.000619685	0.000871789	0.007711500	0.02873350	0.03343810	0.0262124	0.0509439	0.1102140	0.1905250	0.2406740	0.247262	0.267814	0.329521	0.415990	0.509274	0.599363	0.683443	0.773501	0.856775	0.905343	0.893950	0.814504	0.680232	0.518364	0.3586490	0.2239600	0.1254330	0.06265190	0.02778370	0.010903800	0.003778820	1.55835e-03	0	0	0	0	0	#_27        
   28	1	1	0	0	1000	0.003324080	0.001639700	0.000786364	0.00378435	0.01510710	0.0537495	0.1067380	0.1225690	0.1405460	0.2215030	0.328263	0.392819	0.408758	0.430140	0.488245	0.568048	0.648950	0.735032	0.815609	0.867140	0.864944	0.796660	0.670655	0.512761	0.3544350	0.2205630	0.1230310	0.06124980	0.02710860	0.010632100	0.003686140	1.52238e-03	0	0	0	0	0	#_28        
   29	1	1	0	0	1000	0.002286840	0.001362270	0.003641550	0.01340420	0.01550090	0.0133789	0.0372581	0.1059980	0.2067390	0.2800480	0.324545	0.398778	0.486421	0.532669	0.546011	0.570348	0.621190	0.696569	0.773991	0.826704	0.830235	0.770808	0.653661	0.502286	0.3478930	0.2163450	0.1203940	0.05976390	0.02638370	0.010330000	0.003578610	1.47839e-03	0	0	0	0	0	#_29        
   30	1	1	0	0	1000	0.002464080	0.001364970	0.002566870	0.00983197	0.01561020	0.0279286	0.0513085	0.0650916	0.1022320	0.2097540	0.356918	0.471351	0.536914	0.586007	0.621107	0.632841	0.642258	0.682618	0.743221	0.792194	0.798968	0.746283	0.636769	0.491829	0.3417980	0.2128360	0.1183860	0.05867030	0.02584590	0.010099100	0.003493320	1.44188e-03	0	0	0	0	0	#_30        
   31	1	1	0	0	1000	0.002852380	0.001567770	0.002797230	0.01050740	0.01492840	0.0225652	0.0463253	0.0761895	0.1153860	0.1657300	0.247090	0.389175	0.550384	0.658169	0.699290	0.702999	0.695716	0.707974	0.740875	0.773862	0.776811	0.727382	0.623534	0.483860	0.3375240	0.2106800	0.1172990	0.05811500	0.02557150	0.009976000	0.003445180	1.41974e-03	0	0	0	0	0	#_31        
   32	1	1	0	0	1000	0.001450780	0.000932842	0.003241190	0.01228230	0.01713630	0.0243787	0.0468170	0.0711537	0.1083770	0.1672750	0.239242	0.331513	0.459284	0.609691	0.728322	0.774501	0.766045	0.758161	0.766219	0.777807	0.768440	0.715905	0.614276	0.478204	0.3347320	0.2095260	0.1168700	0.05794750	0.02549430	0.009937790	0.003427870	1.41025e-03	0	0	0	0	0	#_32        
   33	1	1	0	0	1000	0.001718660	0.000944571	0.001695590	0.00663001	0.01192570	0.0261589	0.0539752	0.0787301	0.1117530	0.1636650	0.230329	0.317175	0.424566	0.549789	0.679133	0.775473	0.811689	0.815522	0.810402	0.801213	0.774829	0.713120	0.609119	0.474210	0.3326190	0.2087240	0.1166720	0.05793360	0.02550580	0.009942240	0.003427530	1.40837e-03	0	0	0	0	0	#_33        
   34	1	1	0	0	1000	0.001038920	0.000643386	0.001990300	0.00753555	0.01060700	0.0160797	0.0357369	0.0684749	0.1192990	0.1788540	0.239366	0.313879	0.408156	0.519171	0.638004	0.743241	0.810492	0.845812	0.852963	0.836420	0.794854	0.720386	0.609615	0.472737	0.3314290	0.2082330	0.1166040	0.05799500	0.02556340	0.009971090	0.003437860	1.41182e-03	0	0	0	0	0	#_34        
   35	1	1	0	0	1000	0.001048170	0.000590733	0.001230230	0.00477496	0.00811891	0.0165965	0.0343998	0.0536385	0.0884080	0.1529160	0.238468	0.329316	0.417903	0.511944	0.615720	0.716405	0.794457	0.851670	0.879257	0.870480	0.823524	0.738117	0.618009	0.475886	0.3325160	0.2087540	0.1169720	0.05824910	0.02570770	0.010037400	0.003462850	1.42227e-03	0	0	0	0	0	#_35        
   36	1	1	0	0	1000	0.003352690	0.001694280	0.001294060	0.00473444	0.00695478	0.0114699	0.0251970	0.0462865	0.0806254	0.1300040	0.198829	0.296694	0.411272	0.520914	0.619374	0.708469	0.784032	0.851010	0.894598	0.898486	0.854604	0.763643	0.634751	0.485199	0.3372370	0.2111140	0.1181820	0.05886550	0.02600070	0.010161500	0.003508580	1.44199e-03	0	0	0	0	0	#_36        
   37	1	1	0	0	1000	0.004054700	0.002234100	0.004035460	0.01481370	0.01760210	0.0144616	0.0230872	0.0371386	0.0627421	0.1084430	0.174080	0.261004	0.369680	0.493264	0.613372	0.712440	0.787336	0.855453	0.907098	0.921639	0.884161	0.792248	0.656987	0.499701	0.3455140	0.2154280	0.1203050	0.05986090	0.02643860	0.010337600	0.003571870	1.46925e-03	0	0	0	0	0	#_37        
   38	1	1	0	0	1000	0.003189460	0.001883810	0.004883170	0.01843540	0.02568700	0.0354385	0.0607476	0.0682541	0.0691575	0.0931673	0.143107	0.220880	0.324881	0.447359	0.576247	0.693075	0.783352	0.859559	0.916831	0.938099	0.906538	0.816296	0.677774	0.514538	0.3545050	0.2201930	0.1225820	0.06086730	0.02685430	0.010497100	0.003627780	1.49322e-03	0	0	0	0	0	#_38        
   39	1	1	0	0	1000	0.006812260	0.003536830	0.003904150	0.01469850	0.02316290	0.0419662	0.0830973	0.1158690	0.1440290	0.1655920	0.173257	0.202606	0.276555	0.387184	0.516811	0.643874	0.750105	0.841344	0.909554	0.938497	0.912689	0.825856	0.687639	0.522241	0.3592510	0.2225470	0.1235350	0.06118750	0.02694680	0.010521900	0.003634720	1.49624e-03	0	0	0	0	0	#_39        
   40	1	1	0	0	1000	0.017542700	0.008972980	0.008193880	0.02961240	0.03719880	0.0392062	0.0721761	0.1195950	0.1851940	0.2528420	0.289906	0.301039	0.311927	0.356998	0.449935	0.569059	0.683791	0.788572	0.870065	0.909924	0.892550	0.812190	0.678664	0.516302	0.3551700	0.2197340	0.1217230	0.06015390	0.02643740	0.010306600	0.003556540	1.46317e-03	0	0	0	0	0	#_40        
   41	1	1	0	0	1000	0.002354740	0.002591060	0.019666900	0.07364240	0.08942190	0.0796150	0.1203950	0.1495360	0.1816340	0.2569280	0.347459	0.414589	0.436676	0.433398	0.449401	0.508393	0.598061	0.701469	0.791536	0.842694	0.836731	0.767375	0.644330	0.491534	0.3385210	0.2094070	0.1158790	0.05717310	0.02508180	0.009761350	0.003363610	1.38209e-03	0	0	0	0	0	#_41        
   42	1	1	0	0	1000	0.000531247	0.000443893	0.002665430	0.01261280	0.04136060	0.1373600	0.2743810	0.3148740	0.3049490	0.3324860	0.375380	0.436711	0.499823	0.526178	0.517412	0.511145	0.537721	0.604389	0.682760	0.737492	0.742650	0.688138	0.581714	0.445603	0.3075820	0.1904370	0.1053680	0.05194270	0.02275780	0.008843750	0.003042980	1.24836e-03	0	0	0	0	0	#_42        
   43	1	1	0	0	1000	0.007089130	0.003430680	0.000707800	0.00251088	0.00709059	0.0281506	0.0992892	0.2647530	0.4994620	0.6404550	0.624602	0.575143	0.562254	0.568113	0.564702	0.543253	0.524616	0.540586	0.584274	0.625964	0.634884	0.594158	0.506391	0.390105	0.2702260	0.1676340	0.0928233	0.04575560	0.02003380	0.007777160	0.002672720	1.09469e-03	0	0	0	0	0	#_43        
   44	1	1	0	0	1000	0.001743080	0.001394100	0.007527240	0.02776270	0.03021460	0.0144387	0.0222178	0.0737305	0.2167340	0.4824840	0.781670	0.933214	0.882595	0.754807	0.654761	0.588682	0.540894	0.522019	0.529850	0.547358	0.549090	0.515081	0.441819	0.342465	0.2383250	0.1482930	0.0822563	0.04057730	0.01776710	0.006893940	0.002367260	9.68272e-04	0	0	0	0	0	#_44        
   45	1	1	0	0	1000	0.001769460	0.000989316	0.001995500	0.00833722	0.01964470	0.0533894	0.0991590	0.0988709	0.0948312	0.1927760	0.438022	0.778297	1.046710	1.094350	0.951476	0.761960	0.620531	0.548310	0.520388	0.511610	0.498858	0.463051	0.397103	0.308994	0.2159970	0.1348990	0.0750216	0.03706710	0.01624260	0.006303340	0.002163800	8.84260e-04	0	0	0	0	0	#_45        
   46	1	1	0	0	1000	0.007239520	0.003611290	0.002159430	0.00777260	0.01145900	0.0204158	0.0537156	0.1181730	0.2003950	0.2489250	0.290418	0.451383	0.754227	1.046780	1.151690	1.037720	0.827510	0.659934	0.563888	0.514726	0.479864	0.435031	0.369538	0.287115	0.2011320	0.1260130	0.0702854	0.03480460	0.01527360	0.005932060	0.002036890	8.32144e-04	0	0	0	0	0	#_46        
   47	1	1	0	0	1000	0.002705420	0.001922160	0.008463730	0.03138360	0.03629470	0.0257733	0.0383103	0.0664167	0.1285630	0.2402370	0.365416	0.467018	0.588307	0.794392	1.019820	1.110500	1.015040	0.839236	0.677651	0.565513	0.490625	0.426146	0.354267	0.272774	0.1906520	0.1195630	0.0668323	0.03317010	0.01458400	0.005671950	0.001949200	7.96605e-04	0	0	0	0	0	#_47        
   48	1	1	0	0	1000	0.001362320	0.000888545	0.003250590	0.01321830	0.02699210	0.0657579	0.1238000	0.1327900	0.1234190	0.1679660	0.276154	0.430369	0.589499	0.733311	0.879133	1.002590	1.028820	0.948739	0.804049	0.654650	0.532846	0.435837	0.348492	0.262885	0.1820720	0.1138440	0.0636411	0.03163010	0.01393110	0.005426700	0.001867270	7.63872e-04	0	0	0	0	0	#_48        
   49	1	1	0	0	1000	0.004420800	0.002232600	0.001697820	0.00647275	0.01218650	0.0304249	0.0782739	0.1580330	0.2586550	0.3151540	0.317777	0.362607	0.492059	0.660404	0.812866	0.920642	0.966503	0.950242	0.864511	0.731156	0.588747	0.461423	0.352381	0.257139	0.1747130	0.1082240	0.0602771	0.02993750	0.01319520	0.005146540	0.001773210	7.26411e-04	0	0	0	0	0	#_49        
   50	1	1	0	0	1000	0.003626670	0.002120340	0.005243320	0.01936570	0.02307680	0.0200078	0.0384970	0.0839795	0.1785610	0.3231400	0.463620	0.536404	0.556280	0.608290	0.720185	0.836597	0.902176	0.914941	0.869085	0.767729	0.632794	0.492414	0.365211	0.257556	0.1702950	0.1036660	0.0571928	0.02828190	0.01244770	0.004855540	0.001674310	6.86830e-04	0	0	0	0	0	#_50        
   51	1	1	0	0	1000	0.004329080	0.002389310	0.004387840	0.01671110	0.02572120	0.0437124	0.0792521	0.0937633	0.1151010	0.2014370	0.359994	0.548309	0.688137	0.741968	0.757534	0.791228	0.836099	0.866322	0.850142	0.777060	0.658723	0.519151	0.382419	0.264016	0.1701490	0.1013150	0.0550341	0.02695920	0.01180680	0.004595700	0.001583920	6.50148e-04	0	0	0	0	0	#_51        
   52	1	1	0	0	1000	0.006260410	0.003376640	0.005274540	0.01972400	0.02776070	0.0407916	0.0814821	0.1280950	0.1819570	0.2333580	0.290931	0.413656	0.599307	0.766047	0.847470	0.853195	0.835469	0.832521	0.820204	0.767550	0.667692	0.536219	0.397593	0.272651	0.1728690	0.1009190	0.0538387	0.02601320	0.01128830	0.004369990	0.001501900	6.15795e-04	0	0	0	0	0	#_52        
   53	1	1	0	0	1000	0.003634710	0.002290920	0.007494220	0.02823650	0.03800160	0.0491061	0.0909800	0.1341700	0.1944000	0.2810480	0.363854	0.438069	0.530291	0.662454	0.797736	0.869940	0.866032	0.837774	0.802923	0.748482	0.659710	0.538958	0.404514	0.278251	0.1753190	0.1010330	0.0530607	0.02525650	0.01082680	0.004154370	0.001419530	5.79744e-04	0	0	0	0	0	#_53        
   54	1	1	0	0	1000	0.008541860	0.004401570	0.004460000	0.01702790	0.02960970	0.0617924	0.1235830	0.1694460	0.2217120	0.3042590	0.396598	0.492025	0.577595	0.652882	0.732711	0.804656	0.835319	0.828477	0.791710	0.729787	0.641348	0.527518	0.399938	0.277073	0.1747380	0.1001350	0.0520424	0.02445880	0.01035360	0.003929730	0.001331410	5.39834e-04	0	0	0	0	0	#_54        
   55	1	1	0	0	1000	0.004418330	0.002849560	0.009960800	0.03714580	0.04604670	0.0468146	0.0895404	0.1624410	0.2675470	0.3749690	0.457215	0.538070	0.619943	0.686663	0.734133	0.765287	0.779153	0.781163	0.758049	0.702550	0.616682	0.507270	0.386113	0.268981	0.1702570	0.0975231	0.0504333	0.02350090	0.00984460	0.003696660	0.001240290	4.97890e-04	0	0	0	0	0	#_55        
   56	1	1	0	0	1000	0.006966690	0.003707410	0.005230680	0.02032380	0.03641480	0.0779556	0.1502250	0.1869440	0.2302520	0.3442100	0.493401	0.620180	0.696941	0.737392	0.758056	0.759808	0.745342	0.731502	0.708108	0.660350	0.582760	0.480606	0.366543	0.256069	0.1625700	0.0932618	0.0481694	0.02234730	0.00929550	0.003460260	0.001150340	4.56674e-04	0	0	0	0	0	#_56        
   57	1	1	0	0	1000	0.012918000	0.006761960	0.008111210	0.02982180	0.03942990	0.0503858	0.1056210	0.1942190	0.3134520	0.4185760	0.495123	0.601308	0.724957	0.801754	0.812885	0.781797	0.735026	0.697659	0.662079	0.613356	0.541994	0.448575	0.343184	0.240350	0.1529270	0.0878749	0.0454033	0.02102980	0.00871365	0.003224660	0.001064250	4.18137e-04	0	0	0	0	0	#_57        
   58	1	1	0	0	1000	0.007600550	0.004708150	0.014548000	0.05436060	0.06905590	0.0738786	0.1247710	0.1728950	0.2487220	0.3926800	0.557283	0.683099	0.758728	0.811061	0.836620	0.811586	0.746254	0.682852	0.627859	0.570549	0.500111	0.413464	0.316933	0.222534	0.1419130	0.0816861	0.0422452	0.01956300	0.00809205	0.002984560	0.000980184	3.81934e-04	0	0	0	0	0	#_58        
   59	1	1	0	0	1000	0.004067520	0.002566690	0.008476440	0.03311520	0.05593940	0.1111510	0.2131200	0.2648080	0.3003740	0.3815400	0.496343	0.645581	0.785935	0.859589	0.862998	0.819817	0.747495	0.673287	0.602764	0.533468	0.459339	0.376488	0.287892	0.202285	0.1292280	0.0745166	0.0385874	0.01787890	0.00739227	0.002722090	0.000891420	3.45349e-04	0	0	0	0	0	#_59        
   60	1	1	0	0	1000	0.012817100	0.006454810	0.004669450	0.01755870	0.03097220	0.0686084	0.1566520	0.2743310	0.4257430	0.5499850	0.602345	0.654163	0.740693	0.826868	0.864172	0.830475	0.747138	0.660107	0.579049	0.501057	0.422386	0.340934	0.258518	0.181063	0.1156420	0.0667501	0.0346089	0.01605060	0.00663854	0.002443400	0.000799033	3.08464e-04	0	0	0	0	0	#_60        
   61	1	1	0	0	1000	0.011027200	0.006298120	0.013947700	0.05137590	0.06076580	0.0500535	0.0886867	0.1720350	0.3224450	0.5296390	0.724609	0.841072	0.865646	0.854982	0.844807	0.812582	0.739771	0.652011	0.562864	0.476833	0.393575	0.312009	0.233518	0.162285	0.1032750	0.0595547	0.0308891	0.01433650	0.00593341	0.002184300	0.000714004	2.75132e-04	0	0	0	0	0	#_61        
   62	1	1	0	0	1000	0.007566730	0.004500660	0.012025200	0.04583260	0.06783720	0.1068960	0.1893220	0.2159680	0.2370860	0.3611770	0.577298	0.812898	0.971807	1.002930	0.938486	0.838992	0.735249	0.641933	0.551145	0.460927	0.373487	0.290560	0.214062	0.147074	0.0929266	0.0533849	0.0276480	0.01282970	0.00531163	0.001956160	0.000639501	2.46255e-04	0	0	0	0	0	#_62        
   63	1	1	0	0	1000	0.005764630	0.003356560	0.008204800	0.03158430	0.05041140	0.0942115	0.1937280	0.2905560	0.3901000	0.4698650	0.520911	0.639746	0.831253	0.983592	1.011120	0.920218	0.777362	0.649552	0.542843	0.447096	0.357190	0.273420	0.198197	0.134316	0.0840064	0.0479383	0.0247311	0.01145470	0.00473926	0.001745320	0.000570664	2.19730e-04	0	0	0	0	0	#_63        
   64	1	1	0	0	1000	0.002806150	0.001795720	0.006168480	0.02372990	0.03670680	0.0660092	0.1419680	0.2425910	0.3914350	0.5638940	0.687882	0.753258	0.798158	0.867113	0.932748	0.920217	0.815115	0.680324	0.552724	0.441912	0.345344	0.259868	0.185485	0.123929	0.0765851	0.0433053	0.0222001	0.01024180	0.00422813	0.001555480	0.000508407	1.95739e-04	0	0	0	0	0	#_64        
   65	1	1	0	0	1000	0.013527700	0.006690000	0.003272790	0.01200560	0.02152250	0.0479210	0.1055550	0.1790230	0.3011980	0.4847110	0.689106	0.861420	0.947208	0.951494	0.923698	0.880854	0.803121	0.696858	0.574153	0.453398	0.346031	0.254499	0.178289	0.117302	0.0715527	0.0400277	0.0203495	0.00933163	0.00383689	0.001408050	0.000459586	1.76808e-04	0	0	0	0	0	#_65        
   66	1	1	0	0	1000	0.002861830	0.002461160	0.014672500	0.05442930	0.06194840	0.0406555	0.0623046	0.1201920	0.2241640	0.3767580	0.569983	0.790394	0.977287	1.064570	1.040270	0.944240	0.823133	0.708760	0.592850	0.473396	0.359552	0.260047	0.178554	0.115357	0.0693124	0.0383003	0.0192791	0.00877235	0.00358605	0.001310610	0.000426614	1.63801e-04	0	0	0	0	0	#_66        
   67	1	1	0	0	1000	0.026770400	0.013031200	0.003718250	0.01395760	0.03574810	0.1033910	0.1973920	0.2079290	0.1904650	0.2643940	0.428216	0.642783	0.863040	1.031870	1.094150	1.034830	0.897225	0.752825	0.619269	0.493708	0.375809	0.270620	0.183501	0.116600	0.0689154	0.0375409	0.0186765	0.00841854	0.00341599	0.001241380	0.000402390	1.53954e-04	0	0	0	0	0	#_67        
   68	1	1	0	0	1000	0.015735600	0.009654700	0.028798700	0.10572800	0.11660500	0.0623435	0.0929060	0.2103570	0.3682970	0.4528250	0.452572	0.510496	0.676560	0.871601	1.004750	1.023490	0.932801	0.796255	0.650700	0.512396	0.387008	0.277432	0.186911	0.117492	0.0684854	0.0367723	0.0180554	0.00804864	0.00323646	0.001167670	0.000376366	1.43245e-04	0	0	0	0	0	#_68        
   69	1	1	0	0	1000	0.003616510	0.002925270	0.016211300	0.06346230	0.10515900	0.1992150	0.3525650	0.3512650	0.2913460	0.3869930	0.563415	0.665417	0.685838	0.728464	0.819736	0.883442	0.860420	0.772409	0.648088	0.513123	0.385396	0.274092	0.183286	0.114275	0.0659321	0.0349764	0.0169579	0.00746989	0.00297255	0.001063130	0.000340241	1.28594e-04	0	0	0	0	0	#_69        
   70	1	1	0	0	1000	0.001731100	0.001091190	0.003642780	0.01544800	0.03793100	0.1139040	0.2661280	0.4460680	0.6350480	0.7120280	0.648264	0.637459	0.712211	0.757498	0.754335	0.744256	0.724015	0.678096	0.594615	0.484513	0.368156	0.261754	0.174001	0.107638	0.0615588	0.0323351	0.0155078	0.00675486	0.00265917	0.000941827	0.000298895	1.11985e-04	0	0	0	0	0	#_70        
   71	1	1	0	0	1000	0.002035790	0.001099460	0.001745030	0.00678821	0.01236070	0.0313275	0.0923845	0.2312570	0.4814310	0.7759570	0.980658	1.009590	0.905091	0.804267	0.754206	0.709656	0.651410	0.595209	0.529716	0.444817	0.346710	0.249907	0.166638	0.102712	0.0583361	0.0303837	0.0144361	0.00622580	0.00242620	0.000850912	0.000267599	9.92497e-05	0	0	0	0	0	#_71        
   72	1	1	0	0	1000	0.004279280	0.002201220	0.002168100	0.00794246	0.01081990	0.0152464	0.0353378	0.0828306	0.2039550	0.4484770	0.795747	1.113370	1.241580	1.152340	0.961503	0.788213	0.663906	0.578137	0.503272	0.423589	0.335862	0.246707	0.166605	0.103173	0.0585021	0.0303023	0.0142887	0.00610944	0.00235928	0.000819846	0.000255518	9.37539e-05	0	0	0	0	0	#_72        
   73	1	1	0	0	1000	0.002954090	0.001758650	0.004696300	0.01743920	0.02144190	0.0203682	0.0336629	0.0514778	0.0932235	0.2049040	0.434042	0.785564	1.149940	1.349040	1.297060	1.074590	0.829135	0.653001	0.533334	0.436843	0.345155	0.255867	0.175018	0.109493	0.0623906	0.0323074	0.0151722	0.00644581	0.00247020	0.000851347	0.000263112	9.55185e-05	0	0	0	0	0	#_73        
   74	1	1	0	0	1000	0.002902200	0.001636850	0.003416480	0.01311220	0.02082020	0.0374728	0.0694584	0.0827671	0.0920831	0.1344730	0.239562	0.456784	0.795069	1.155410	1.367080	1.328110	1.102320	0.850367	0.647230	0.497185	0.379420	0.278425	0.191076	0.120514	0.0691937	0.0359875	0.0169090	0.00716354	0.00273115	0.000935110	0.000286889	1.03125e-04	0	0	0	0	0	#_74        
   75	1	1	0	0	1000	0.001918390	0.001166050	0.003383530	0.01288080	0.01888070	0.0305532	0.0636488	0.1042130	0.1529730	0.1946900	0.228920	0.317722	0.519434	0.829459	1.148660	1.321010	1.267390	1.070070	0.830624	0.616607	0.448093	0.317511	0.214578	0.135077	0.0778786	0.0407169	0.0191999	0.00814132	0.00309836	0.001056640	0.000322409	1.14923e-04	0	0	0	0	0	#_75        
   76	1	1	0	0	1000	0.004197400	0.002171240	0.002300770	0.00871756	0.01441940	0.0285033	0.0597031	0.0944885	0.1479480	0.2246030	0.299241	0.364265	0.452588	0.623468	0.881125	1.126290	1.231450	1.173590	0.993099	0.764722	0.551080	0.378770	0.248662	0.153889	0.0882098	0.0461515	0.0218285	0.00928059	0.00353546	0.001204450	0.000366443	1.29839e-04	0	0	0	0	0	#_76        
   77	1	1	0	0	1000	0.002447950	0.001528700	0.004848650	0.01807790	0.02257420	0.0234567	0.0443652	0.0791610	0.1357420	0.2134610	0.303015	0.400982	0.495898	0.599278	0.747477	0.935836	1.088740	1.142450	1.064610	0.883413	0.662915	0.458465	0.296339	0.179601	0.1013420	0.0526040	0.0248308	0.01056750	0.00403228	0.001374910	0.000418086	1.47683e-04	0	0	0	0	0	#_77        
   78	1	1	0	0	1000	0.001261980	0.000811665	0.002837990	0.01112260	0.01904330	0.0384895	0.0738347	0.0930734	0.1169220	0.1797060	0.275588	0.389598	0.505419	0.615160	0.726205	0.848868	0.968519	1.054970	1.053040	0.941182	0.751125	0.539770	0.353535	0.213122	0.1186540	0.0608028	0.0284604	0.01206610	0.00460062	0.001569560	0.000477532	1.68563e-04	0	0	0	0	0	#_78        
   79	1	1	0	0	1000	0.003661080	0.001857210	0.001517100	0.00577698	0.01052240	0.0243446	0.0565262	0.1009210	0.1602650	0.2170810	0.268349	0.351323	0.471577	0.600477	0.717758	0.820035	0.907782	0.983806	1.010360	0.949916	0.802301	0.605789	0.410478	0.251424	0.1401250	0.0712737	0.0330433	0.01390000	0.00527473	0.001795760	0.000546074	1.92744e-04	0	0	0	0	0	#_79        
   80	1	1	0	0	1000	0.010705800	0.005427030	0.004340960	0.01550050	0.01864270	0.0167986	0.0319372	0.0648471	0.1263030	0.2145910	0.308487	0.392023	0.471664	0.570243	0.686380	0.793716	0.875275	0.941784	0.973787	0.939588	0.825648	0.651443	0.459252	0.289642	0.1640980	0.0838743	0.0387699	0.01620420	0.00610882	0.002069410	0.000627410	2.21099e-04	0	0	0	0	0	#_80        
   81	1	1	0	0	1000	0.003348620	0.002499740	0.012096600	0.04506110	0.05373030	0.0437976	0.0620219	0.0733263	0.0897239	0.1494160	0.253402	0.379717	0.496980	0.592093	0.678041	0.764190	0.840697	0.907254	0.943437	0.923203	0.831589	0.677880	0.494959	0.322353	0.1872590	0.0972466	0.0452694	0.01892580	0.00710861	0.002396030	0.000723082	2.53799e-04	0	0	0	0	0	#_81        
   82	1	1	0	0	1000	0.008663610	0.004418620	0.003938930	0.01571050	0.03428040	0.0889181	0.1711070	0.1894170	0.1708950	0.1789550	0.214611	0.298148	0.428207	0.563829	0.671963	0.749016	0.806602	0.862852	0.900126	0.890295	0.815893	0.680841	0.511078	0.342581	0.2043690	0.1084470	0.0512476	0.02160330	0.00813533	0.002738440	0.000823635	2.87704e-04	0	0	0	0	0	#_82        
   83	1	1	0	0	1000	0.001446590	0.001387730	0.009349470	0.03498640	0.04277050	0.0427848	0.0918994	0.1945530	0.3299130	0.4042990	0.380255	0.351372	0.384887	0.478617	0.597200	0.697345	0.761436	0.810388	0.842006	0.836496	0.775846	0.658893	0.505381	0.346957	0.2120570	0.1150830	0.0554183	0.02369260	0.00900227	0.003043220	0.000915876	3.19106e-04	0	0	0	0	0	#_83        
   84	1	1	0	0	1000	0.004826200	0.002421900	0.001679680	0.00717917	0.02073560	0.0650412	0.1315440	0.1673560	0.2255260	0.3719790	0.538643	0.611479	0.575323	0.529865	0.549258	0.617294	0.686646	0.743658	0.777385	0.774769	0.723707	0.622268	0.485282	0.339685	0.2119750	0.1174520	0.0576647	0.02506830	0.00965145	0.003293070	0.000996518	3.47934e-04	0	0	0	0	0	#_84        
   85	1	1	0	0	1000	0.007411340	0.003924120	0.005240930	0.01907070	0.02270530	0.0213243	0.0523220	0.1325680	0.2553740	0.3692860	0.474732	0.615148	0.733200	0.745641	0.682930	0.635230	0.638148	0.677176	0.712932	0.716901	0.674907	0.585808	0.462594	0.328808	0.2087610	0.1177930	0.0588850	0.02603640	0.01017560	0.003515190	0.001073780	3.77635e-04	0	0	0	0	0	#_85        
   86	1	1	0	0	1000	0.006122640	0.003518640	0.008050270	0.03002790	0.03893580	0.0440621	0.0725140	0.0919158	0.1365320	0.2632440	0.446121	0.615980	0.742442	0.822920	0.831779	0.769131	0.693902	0.665158	0.670105	0.669567	0.634291	0.555573	0.443354	0.319032	0.2054240	0.1177040	0.0597870	0.02685740	0.01065550	0.003731350	0.001153180	4.10150e-04	0	0	0	0	0	#_86        
   87	1	1	0	0	1000	0.005184650	0.002970420	0.006716610	0.02558220	0.03843760	0.0631970	0.1181240	0.1502480	0.1737860	0.2224310	0.313789	0.479344	0.681377	0.834736	0.896257	0.870525	0.791045	0.718574	0.674210	0.644721	0.602428	0.528814	0.425431	0.309314	0.2015110	0.1169550	0.0602260	0.02743910	0.01104000	0.003918370	0.001226110	4.42051e-04	0	0	0	0	0	#_87        
   88	1	1	0	0	1000	0.002817940	0.001762130	0.005636710	0.02157340	0.03243230	0.0547013	0.1117690	0.1740620	0.2487810	0.3199410	0.364491	0.428524	0.552506	0.718614	0.856991	0.903045	0.857272	0.781353	0.708846	0.646797	0.584117	0.505466	0.406449	0.297397	0.1955640	0.1147320	0.0597740	0.02756880	0.01123230	0.004036810	0.001278580	4.67635e-04	0	0	0	0	0	#_88        
   89	1	1	0	0	1000	0.002339500	0.001343220	0.003080970	0.01201580	0.02080940	0.0440879	0.0946261	0.1530180	0.2398650	0.3549260	0.458511	0.532726	0.587309	0.659787	0.761314	0.843714	0.856740	0.815297	0.744488	0.664447	0.581340	0.490805	0.389963	0.284902	0.1882440	0.1113250	0.0585591	0.02729280	0.01124250	0.004086030	0.001308770	4.85453e-04	0	0	0	0	0	#_89        
   90	1	1	0	0	1000	0.002012960	0.001150030	0.002564130	0.00977003	0.01484200	0.0262702	0.0593898	0.1124500	0.2013410	0.3225230	0.456697	0.587994	0.684451	0.736275	0.769879	0.802882	0.819291	0.809378	0.762690	0.685843	0.592063	0.489399	0.382109	0.276582	0.1824400	0.1082790	0.0573384	0.02694870	0.01120440	0.004112290	0.001330470	5.00007e-04	0	0	0	0	0	#_90        
   91	1	1	0	0	1000	0.005045250	0.002576120	0.002304990	0.00852884	0.01276700	0.0214459	0.0448155	0.0767647	0.1367190	0.2430530	0.390496	0.558475	0.709533	0.810899	0.852583	0.850185	0.827911	0.806937	0.770676	0.704778	0.611345	0.501224	0.385964	0.275993	0.1807850	0.1071320	0.0568833	0.02688160	0.01125700	0.004165380	0.001359430	5.16940e-04	0	0	0	0	0	#_91        
   92	1	1	0	0	1000	0.002212500	0.001476560	0.005650630	0.02104400	0.02554770	0.0232721	0.0394051	0.0637147	0.1052850	0.1782000	0.291945	0.455167	0.644396	0.809724	0.908166	0.927583	0.891121	0.845873	0.796131	0.728732	0.635857	0.521936	0.399645	0.283169	0.1839310	0.1084350	0.0574993	0.02722680	0.01145200	0.004263190	0.001401200	5.38267e-04	0	0	0	0	0	#_92        
   93	1	1	0	0	1000	0.003286150	0.001756870	0.002581200	0.01014250	0.01910630	0.0432132	0.0828024	0.0976230	0.1071550	0.1499890	0.229990	0.355012	0.526368	0.718477	0.879664	0.960923	0.955255	0.909940	0.846481	0.766671	0.666496	0.546992	0.418202	0.294967	0.1903790	0.1115750	0.0589387	0.02787720	0.01174240	0.004386570	0.001448970	5.61163e-04	0	0	0	0	0	#_93        
   94	1	1	0	0	1000	0.004091140	0.002231930	0.003782340	0.01406670	0.01882790	0.0252078	0.0551781	0.1058530	0.1730540	0.2243110	0.252518	0.310921	0.430718	0.599578	0.779481	0.915004	0.967194	0.956421	0.901124	0.814265	0.703452	0.574702	0.438161	0.308146	0.1980850	0.1155450	0.0607738	0.02866210	0.01206120	0.004510090	0.001493780	5.81813e-04	0	0	0	0	0	#_94        
   95	1	1	0	0	1000	0.022444200	0.011071500	0.005018550	0.01750900	0.02405320	0.0326324	0.0601593	0.0869895	0.1331910	0.2196470	0.317360	0.390283	0.446620	0.535044	0.672889	0.818153	0.914725	0.952576	0.929493	0.853671	0.739693	0.602567	0.457603	0.320686	0.2054480	0.1194040	0.0625690	0.02941150	0.01234830	0.004613300	0.001528860	5.97315e-04	0	0	0	0	0	#_95        
   96	1	1	0	0	1000	0.003094880	0.003319500	0.024663700	0.09154810	0.10337000	0.0622031	0.0756736	0.1038570	0.1404230	0.1990120	0.278845	0.383768	0.487752	0.567315	0.642126	0.734156	0.825121	0.892239	0.906784	0.858213	0.755836	0.619072	0.469855	0.328323	0.2096350	0.1214300	0.0634220	0.02971950	0.01244420	0.004640270	0.001536440	6.00749e-04	0	0	0	0	0	#_96        
   97	1	1	0	0	1000	0.005977730	0.003102240	0.003526150	0.01604940	0.05125260	0.1663730	0.3190290	0.3214690	0.2402110	0.2323660	0.279291	0.352153	0.444917	0.541553	0.623265	0.686466	0.740480	0.795516	0.826000	0.804937	0.726136	0.603473	0.460863	0.322298	0.2054060	0.1186450	0.0617799	0.02886500	0.01205380	0.004484370	0.001482320	5.79097e-04	0	0	0	0	0	#_97        
   98	1	1	0	0	1000	0.004871400	0.002779730	0.006135640	0.02280870	0.02953740	0.0406447	0.1193840	0.3081930	0.5565290	0.6551110	0.550587	0.443482	0.437429	0.491781	0.560847	0.619996	0.661187	0.698523	0.723177	0.714129	0.657290	0.556254	0.430004	0.302545	0.1931260	0.1114410	0.0579016	0.02698290	0.01123860	0.004171120	0.001375960	5.36572e-04	0	0	0	0	0	#_98        
   99	1	1	0	0	1000	0.001959760	0.001302290	0.004952410	0.01896440	0.02815830	0.0454485	0.0880112	0.1387170	0.2660530	0.5333130	0.819890	0.910403	0.780763	0.621414	0.557688	0.565277	0.590031	0.618190	0.636796	0.630208	0.586059	0.503134	0.394225	0.280104	0.1797890	0.1039540	0.0539949	0.02512260	0.01044160	0.003866610	0.001272790	4.95200e-04	0	0	0	0	0	#_99        
  100	1	1	0	0	1000	0.003797280	0.001966180	0.002116120	0.00822833	0.01557680	0.0366545	0.0790980	0.1248280	0.1947050	0.3199350	0.533544	0.824106	1.033910	1.015770	0.836102	0.667309	0.586054	0.573745	0.580277	0.572816	0.535026	0.463426	0.367092	0.263515	0.1704760	0.0990500	0.0515603	0.02399500	0.00996278	0.003683180	0.001210110	4.69681e-04	0	0	0	0	0	#_100       
-9999	0	0	0	0	   0	0.000000000	0.000000000	0.000000000	0.00000000	0.00000000	0.0000000	0.0000000	0.0000000	0.0000000	0.0000000	0.000000	0.000000	0.000000	0.000000	0.000000	0.000000	0.000000	0.000000	0.000000	0.000000	0.000000	0.000000	0.000000	0.000000	0.0000000	0.0000000	0.0000000	0.00000000	0.00000000	0.000000000	0.000000000	0.00000e+00	0	0	0	0	0	#_terminator
60 #_N_agebins
#
#_agebin_vector
1 2 3 4 5 6 7 8 9 10 11 12 13 14 15 16 17 18 19 20 21 22 23 24 25 26 27 28 29 30 31 32 33 34 35 36 37 38 39 40 41 42 43 44 45 46 47 48 49 50 51 52 53 54 55 56 57 58 59 60 #_agebin_vector
#
#_ageing_error
1 #_N_ageerror_definitions
#_age0	age1	age2	age3	age4	age5	age6	age7	age8	age9	age10	age11	age12	age13	age14	age15	age16	age17	age18	age19	age20	age21	age22	age23	age24	age25	age26	age27	age28	age29	age30	age31	age32	age33	age34	age35	age36	age37	age38	age39	age40	age41	age42	age43	age44	age45	age46	age47	age48	age49	age50	age51	age52	age53	age54	age55	age56	age57	age58	age59	age60
-1.000	-1.000	-1.000	-1.000	-1.000	-1.000	-1.000	-1.000	-1.000	-1.000	-1.000	-1.000	-1.000	-1.000	-1.000	-1.000	-1.000	-1.000	-1.000	-1.000	-1.000	-1.000	-1.000	-1.000	-1.000	-1.000	-1.000	-1.000	-1.000	-1.000	-1.000	-1.000	-1.000	-1.000	-1.000	-1.000	-1.000	-1.000	-1.000	-1.000	-1.000	-1.000	-1.000	-1.000	-1.000	-1.000	-1.000	-1.000	-1.000	-1.000	-1.000	-1.000	-1.000	-1.000	-1.000	-1.000	-1.000	-1.000	-1.000	-1.000	-1.000	#_1
 0.001	 0.001	 0.001	 0.001	 0.001	 0.001	 0.001	 0.001	 0.001	 0.001	 0.001	 0.001	 0.001	 0.001	 0.001	 0.001	 0.001	 0.001	 0.001	 0.001	 0.001	 0.001	 0.001	 0.001	 0.001	 0.001	 0.001	 0.001	 0.001	 0.001	 0.001	 0.001	 0.001	 0.001	 0.001	 0.001	 0.001	 0.001	 0.001	 0.001	 0.001	 0.001	 0.001	 0.001	 0.001	 0.001	 0.001	 0.001	 0.001	 0.001	 0.001	 0.001	 0.001	 0.001	 0.001	 0.001	 0.001	 0.001	 0.001	 0.001	 0.001	#_2
#
#_age_info
#_mintailcomp	addtocomp	combine_M_F	CompressBins	CompError	ParmSelect	minsamplesize
-1	1e-10	0	0	0	0	1	#_Fishery
-1	1e-10	0	0	0	0	1	#_Survey 
3 #_Lbin_method: 1=poplenbins; 2=datalenbins; 3=lengths
 #_combine males into females at or below this bin number
#_Yr	Seas	FltSvy	Gender	Part	Ageerr	Lbin_lo	Lbin_hi	Nsamp	a1	a2	a3	a4	a5	a6	a7	a8	a9	a10	a11	a12	a13	a14	a15	a16	a17	a18	a19	a20	a21	a22	a23	a24	a25	a26	a27	a28	a29	a30	a31	a32	a33	a34	a35	a36	a37	a38	a39	a40	a41	a42	a43	a44	a45	a46	a47	a48	a49	a50	a51	a52	a53	a54	a55	a56	a57	a58	a59	a60
  100	1	1	0	0	1	-1	-1	100	0.0116707	0.00807228	0.0556704	0.0703355	0.320166	0.0567942	0.0604057	0.0531299	0.0380608	0.00416611	0.0240725	0.0219222	0.060924	0.0262727	0.0313688	0.00567928	0.00437626	0.0434358	0.00192824	0.035924	0.00751263	0.00371067	0.0013651	0.0116245	0.010578	0.000661906	0.000159348	0.00181343	0.00262121	1.63082e-10	4.11519e-05	0.00794747	0.0130807	0.000303644	0.00329033	7.22489e-18	8.85654e-07	1.33069e-08	1.32779e-10	0.000135943	3.27213e-17	5.6964e-06	0.000771793	4.38494e-54	3.71221e-08	3.12347e-07	6.17609e-138	3.99738e-53	2.74092e-97	0	2.80783e-11	0	9.50456e-165	2.8718e-39	3.52333e-243	0	2.56763e-291	0	0	2.07216e-66	#_1         
-9999	0	0	0	0	0	 0	 0	  0	0.0000000	0.00000000	0.0000000	0.0000000	0.000000	0.0000000	0.0000000	0.0000000	0.0000000	0.00000000	0.0000000	0.0000000	0.000000	0.0000000	0.0000000	0.00000000	0.00000000	0.0000000	0.00000000	0.000000	0.00000000	0.00000000	0.0000000	0.0000000	0.000000	0.000000000	0.000000000	0.00000000	0.00000000	0.00000e+00	0.00000e+00	0.00000000	0.0000000	0.000000000	0.00000000	0.00000e+00	0.00000e+00	0.00000e+00	0.00000e+00	0.000000000	0.00000e+00	0.0000e+00	0.000000000	0.00000e+00	0.00000e+00	0.00000e+00	 0.00000e+00	0.00000e+00	0.00000e+00	0	0.00000e+00	0	 0.00000e+00	0.0000e+00	 0.00000e+00	0	 0.00000e+00	0	0	0.00000e+00	#_terminator
#
#_MeanSize_at_Age_obs
0 #_use_MeanSize_at_Age_obs
0 #_N_environ_variables
0 #_N_sizefreq_methods
0 #_do_tags
0 #_morphcomp_data
0 #_use_selectivity_priors
#
999
