ParName   Value   Gradient
SR_parm[1]      10.2277  0.000205291
recdev_early(-28)   0.00634181  3.51227e-07
recdev_early(-27)   0.00683913  1.94321e-07
recdev_early(-26)   0.00737556  1.64181e-08
recdev_early(-25)   0.00795295 -1.80773e-07
recdev_early(-24)   0.00857506 -3.95082e-07
recdev_early(-23)   0.00924353 -6.21875e-07
recdev_early(-22)   0.00996514 -8.56693e-07
recdev_early(-21)    0.0107416 -1.09087e-06
recdev_early(-20)    0.0115802 -1.31524e-06
recdev_early(-19)    0.0124817 -1.51577e-06
recdev_early(-18)     0.013449 -1.67677e-06
recdev_early(-17)    0.0144874  -1.7809e-06
recdev_early(-16)    0.0156038 -1.80853e-06
recdev_early(-15)    0.0168003 -1.73848e-06
recdev_early(-14)    0.0183491 -1.50713e-06
recdev_early(-13)    0.0200368 -1.08339e-06
recdev_early(-12)    0.0218707  -4.5035e-07
recdev_early(-11)    0.0238616   3.9056e-07
recdev_early(-10)    0.0260251  1.41413e-06
recdev_early(-9)    0.0283744  2.56072e-06
recdev_early(-8)    0.0309213  3.73106e-06
recdev_early(-7)    0.0336839  4.79038e-06
recdev_early(-6)    0.0366865  5.57181e-06
recdev_early(-5)    0.0399642  5.88589e-06
recdev_early(-4)    0.0435802  5.53948e-06
recdev_early(-3)    0.0476413  4.37636e-06
recdev_early(-2)    0.0522934  2.39878e-06
recdev_early(-1)    0.0577095 -3.09859e-08
recdev_early(0)    0.0640916 -2.02261e-06
recdev1(1)    0.0860252  -3.4685e-06
recdev1(2)    0.0950522  6.88095e-07
recdev1(3)     0.106032     1.73e-06
recdev1(4)      0.11949  -5.4351e-07
recdev1(5)     0.136067 -1.07854e-06
recdev1(6)     0.156507 -5.43186e-07
recdev1(7)     0.181574 -8.86462e-08
recdev1(8)     0.211844 -1.65876e-06
recdev1(9)     0.247176  2.07037e-06
recdev1(10)     0.285573 -6.86758e-07
recdev1(11)     0.320993   1.2464e-06
recdev1(12)     0.340525 -3.26669e-07
recdev1(13)     0.325284  2.39184e-07
recdev1(14)     0.262777 -1.41262e-06
recdev1(15)     0.162924 -3.32445e-06
recdev1(16)    0.0564423 -1.03406e-08
recdev1(17)     -0.01811  3.15461e-06
recdev1(18)   -0.0294901  1.97845e-06
recdev1(19)   -0.0072577 -3.00585e-06
recdev1(20)    -0.147173  4.06837e-06
recdev1(21)    -0.478529 -2.23549e-06
recdev1(22)    -0.513977  3.69445e-06
recdev1(23)     0.547319  1.67935e-06
recdev1(24)     0.269195  1.88706e-06
recdev1(25)     0.633663  4.38235e-06
recdev1(26)     0.240799   9.2737e-07
recdev1(27)    -0.241088  6.91685e-07
recdev1(28)     0.391678  4.05155e-06
recdev1(29)     0.148651  1.17505e-06
recdev1(30)    -0.490686 -1.21074e-06
recdev1(31)    0.0574724  4.10193e-06
recdev1(32)    -0.283116  6.03175e-07
recdev1(33)    -0.842017 -3.76677e-06
recdev1(34)    -0.995542  5.51391e-06
recdev1(35)     -1.11372 -4.98646e-06
recdev1(36)   0.00753512  2.18283e-06
recdev1(37)     0.271948  5.39561e-06
recdev1(38)    -0.116444 -3.62616e-06
recdev1(39)     0.512048  7.47502e-06
recdev1(40)      1.34549  1.09135e-05
recdev1(41)    -0.747417  4.61675e-06
recdev1(42)    -0.552592 -1.66521e-06
recdev1(43)     0.241417  3.39618e-06
recdev1(44)    -0.393477 -5.26729e-07
recdev1(45)    -0.335624  1.82321e-06
recdev1(46)     0.393907  3.12561e-06
recdev1(47)    -0.155683 -4.58992e-07
recdev1(48)    -0.697157  1.38168e-06
recdev1(49)   -0.0737836   9.7494e-07
recdev1(50)   -0.0837082 -3.98048e-07
recdev1(51)    -0.413496   2.7138e-06
recdev1(52)     0.125848 -5.30601e-07
recdev1(53)      0.13945  1.51717e-06
recdev1(54)   -0.0291766  3.86642e-07
recdev1(55)    0.0268478  -1.9721e-07
recdev1(56)     0.191031  5.09572e-07
recdev1(57)     0.734654  5.07543e-07
recdev1(58)     0.102596  2.20595e-06
recdev1(59)    -0.856625 -8.95258e-06
recdev1(60)     0.678464  1.29963e-06
recdev1(61)      1.03494  4.77741e-07
recdev1(62)   -0.0431159 -1.26996e-06
recdev1(63)    -0.215469 -6.42066e-07
recdev1(64)    0.0171686  -3.8257e-07
recdev1(65)      1.05925 -7.37212e-07
recdev1(66)    -0.740473   2.3002e-06
recdev1(67)       1.7487  9.06207e-08
recdev1(68)     0.977257  1.00749e-06
recdev1(69)    -0.276857 -4.66574e-06
recdev1(70)    -0.130807   8.8995e-07
recdev1(71)    -0.522603 -3.87207e-06
recdev1(72)     0.028036 -8.62882e-07
recdev1(73)    -0.557639   -7.951e-07
recdev1(74)    -0.449964 -2.43484e-06
recdev1(75)    -0.301152 -1.43681e-06
recdev1(76)     0.283329 -1.64035e-06
recdev1(77)    -0.946861 -3.40939e-06
recdev1(78)    -0.810578 -3.58826e-07
recdev1(79)    -0.718078 -1.90939e-06
recdev1(80)     0.789755 -1.55596e-06
recdev1(81)  -0.00507136 -1.89413e-06
recdev1(82)     0.123941  -1.2857e-06
recdev1(83)    -0.812568 -4.39284e-06
recdev1(84)    -0.564123  2.57033e-06
recdev1(85)        1.038 -2.35402e-06
recdev1(86)    0.0786521 -1.71891e-06
recdev1(87)    -0.176287 -8.87075e-07
recdev1(88)    -0.142031 -2.66109e-06
recdev1(89)    -0.342078  6.90026e-07
recdev1(90)    -0.725936  -4.9176e-06
recdev1(91)     0.167926 -9.35392e-07
recdev1(92)    -0.734123 -2.15113e-06
recdev1(93)    -0.405514 -1.94494e-06
recdev1(94)    -0.133627 -1.31927e-06
recdev1(95)      1.66927 -1.29308e-06
recdev1(96)     0.200324 -1.16886e-06
Fcast_recruitments(97)     0.230024  1.29453e-06
Fcast_recruitments(98)      0.28373 -3.52177e-07
Fcast_recruitments(99)     0.422277 -4.88647e-07
Fcast_recruitments(100)   -0.0599689  1.56231e-06
Fcast_recruitments(101)            0            0
selparm[1]      41.5449  2.77286e-05
selparm[3]      5.02436 -4.96691e-05
