ParName   Value   Gradient
SR_parm[1]      10.1858 -2.61995e-05
recdev_early(-28)    0.0317376  2.94983e-06
recdev_early(-27)    0.0342824  1.26704e-05
recdev_early(-26)    0.0370325  1.84859e-05
recdev_early(-25)    0.0400003  1.96082e-05
recdev_early(-24)    0.0432029  1.57623e-05
recdev_early(-23)    0.0466637  7.40916e-06
recdev_early(-22)     0.050396 -4.01482e-06
recdev_early(-21)    0.0544218 -1.60956e-05
recdev_early(-20)     0.058763 -2.56955e-05
recdev_early(-19)    0.0634403 -2.96373e-05
recdev_early(-18)    0.0684739 -2.58213e-05
recdev_early(-17)    0.0738836 -1.45062e-05
recdev_early(-16)    0.0796851  8.13382e-07
recdev_early(-15)    0.0858985  1.38242e-05
recdev_early(-14)    0.0940139   1.6852e-05
recdev_early(-13)     0.102838  1.92839e-06
recdev_early(-12)     0.112413 -1.97391e-05
recdev_early(-11)     0.122769 -2.52193e-05
recdev_early(-10)     0.133922 -3.78257e-06
recdev_early(-9)     0.145872  2.08672e-05
recdev_early(-8)     0.158583  1.23782e-05
recdev_early(-7)     0.171994 -1.86007e-05
recdev_early(-6)      0.18601  -1.6535e-05
recdev_early(-5)     0.200513  1.71312e-05
recdev_early(-4)       0.2154  1.03304e-05
recdev_early(-3)      0.23066 -2.36959e-05
recdev_early(-2)     0.246291  -2.5754e-06
recdev_early(-1)     0.262107  4.91381e-06
recdev_early(0)     0.277687 -2.74429e-05
recdev1(1)     0.376367 -1.65535e-05
recdev1(2)     0.390592   1.6451e-05
recdev1(3)     0.401547 -2.79075e-06
recdev1(4)     0.407614 -2.00683e-05
recdev1(5)     0.407059  1.79152e-05
recdev1(6)     0.398316 -2.42845e-05
recdev1(7)     0.380408  1.38784e-07
recdev1(8)      0.35318  1.37343e-05
recdev1(9)     0.317396  1.63486e-05
recdev1(10)      0.27448  8.70627e-06
recdev1(11)     0.226026  2.92017e-06
recdev1(12)     0.173243  1.48978e-05
recdev1(13)     0.116643  3.20757e-05
recdev1(14)    0.0565513 -3.52238e-05
recdev1(15)  -0.00457661 -1.26871e-05
recdev1(16)   -0.0573531  -5.7681e-06
recdev1(17)   -0.0789657  -3.5081e-06
recdev1(18)   -0.0304671 -5.58813e-07
recdev1(19)     0.111535  1.79788e-05
recdev1(20)     0.124357  -1.1809e-05
recdev1(21)    -0.310327  1.20259e-06
recdev1(22)     -0.70689  3.69044e-07
recdev1(23)     -0.29143  5.78449e-07
recdev1(24)    -0.465505 -2.32897e-06
recdev1(25)    -0.892013 -2.40915e-06
recdev1(26)      1.36116 -1.49288e-06
recdev1(27)    -0.417645 -4.30924e-06
recdev1(28)    0.0695487  5.45971e-07
recdev1(29)     -1.02654  2.29895e-06
recdev1(30)     -1.06668  4.42455e-06
recdev1(31)      1.64725 -2.96244e-06
recdev1(32)      0.46974   1.7343e-06
recdev1(33)     0.435963 -8.78238e-07
recdev1(34)     0.357795 -3.71066e-06
recdev1(35)    -0.374657  8.28113e-07
recdev1(36)     -0.91678 -2.64862e-06
recdev1(37)     -1.05495 -5.54836e-06
recdev1(38)    -0.478361  5.56255e-06
recdev1(39)      1.09507 -4.01787e-06
recdev1(40)     0.204685  4.53074e-06
recdev1(41)     -0.13402   -5.601e-06
recdev1(42)      0.19397  8.08427e-07
recdev1(43)     0.668974 -1.94441e-06
recdev1(44)    -0.441587 -6.69217e-07
recdev1(45)    -0.172888  3.17596e-07
recdev1(46)     0.997895 -2.08286e-06
recdev1(47)     -0.61895  3.13533e-06
recdev1(48)    -0.802933 -8.74705e-06
recdev1(49)     -1.04062  1.35155e-05
recdev1(50)     -0.52333 -8.77672e-06
recdev1(51)    -0.791086  8.46609e-06
recdev1(52)    -0.214162 -2.80129e-06
recdev1(53)     0.851282 -2.41801e-07
recdev1(54)     0.291613 -1.50554e-06
recdev1(55)    -0.412933  2.71802e-06
recdev1(56)   -0.0469578 -1.31106e-06
recdev1(57)     -1.08568  2.28111e-06
recdev1(58)   -0.0967155 -7.21845e-07
recdev1(59)     0.296812  4.19632e-07
recdev1(60)     0.452471 -8.25039e-07
recdev1(61)      1.04689  1.98189e-07
recdev1(62)     0.275437  1.30484e-06
recdev1(63)     -0.18808 -1.14717e-06
recdev1(64)    -0.433535  2.06708e-06
recdev1(65)    -0.694133 -2.50255e-06
recdev1(66)     -1.15675 -1.38402e-07
recdev1(67)    -0.402647  1.78011e-07
recdev1(68)     0.332153 -5.28994e-08
recdev1(69)     0.152883  2.84014e-07
recdev1(70)    -0.910378  3.71859e-06
recdev1(71)    -0.685093 -4.61309e-07
recdev1(72)    0.0074777 -5.86173e-07
recdev1(73)     0.981258  4.48589e-07
recdev1(74)    -0.617027  1.12418e-06
recdev1(75)    0.0847007 -1.65828e-07
recdev1(76)      1.34906  1.44433e-06
recdev1(77)    -0.230694  1.89297e-07
recdev1(78)     -1.09185 -1.72498e-07
recdev1(79)    -0.274424  4.67596e-07
recdev1(80)     0.293854 -2.58713e-07
recdev1(81)    -0.599651  1.38646e-06
recdev1(82)    0.0635461 -8.70929e-07
recdev1(83)    -0.340966 -3.02108e-08
recdev1(84)    -0.113723 -8.51994e-07
recdev1(85)      1.12049  1.09514e-06
recdev1(86)    -0.317802 -4.48326e-07
recdev1(87)     0.892228    2.841e-07
recdev1(88)     0.740625  1.93048e-06
recdev1(89)    -0.598031 -4.57529e-06
recdev1(90)    -0.722342   3.3572e-06
recdev1(91)    -0.538295 -9.66886e-07
recdev1(92)    -0.393055  1.94115e-07
recdev1(93)    -0.351658  1.32942e-07
recdev1(94)     0.913902 -2.34463e-07
recdev1(95)      2.00128 -5.58682e-07
recdev1(96)       1.0498  -9.2984e-07
Fcast_recruitments(97)      0.16252 -3.25988e-07
Fcast_recruitments(98)    -0.128918 -3.28398e-07
Fcast_recruitments(99)     -0.23757 -4.57485e-07
Fcast_recruitments(100)   -0.0620142  6.70594e-07
Fcast_recruitments(101)            0            0
Fcast_recruitments(102)            0            0
Fcast_recruitments(103)            0            0
Fcast_recruitments(104)            0            0
Fcast_recruitments(105)            0            0
Fcast_recruitments(106)            0            0
Fcast_recruitments(107)            0            0
Fcast_recruitments(108)            0            0
Fcast_recruitments(109)            0            0
Fcast_recruitments(110)            0            0
