ParName   Value   Gradient
SR_parm[1]      10.0717 -3.55223e-05
recdev_early(-28)     0.138192  1.77991e-08
recdev_early(-27)     0.150855 -2.59711e-08
recdev_early(-26)     0.164846 -1.55341e-08
recdev_early(-25)     0.180324   4.2235e-09
recdev_early(-24)     0.197466 -9.82569e-09
recdev_early(-23)     0.216462 -1.77302e-08
recdev_early(-22)     0.237512 -1.11997e-08
recdev_early(-21)     0.260808 -9.44233e-09
recdev_early(-20)     0.286507  1.29794e-09
recdev_early(-19)      0.31468 -2.66996e-08
recdev_early(-18)      0.34521 -2.16753e-08
recdev_early(-17)     0.377621 -2.90484e-08
recdev_early(-16)     0.410778 -3.09729e-08
recdev_early(-15)     0.442406 -2.93125e-08
recdev_early(-14)     0.481526  -3.1686e-08
recdev_early(-13)     0.511457 -4.78919e-08
recdev_early(-12)      0.52198 -4.10595e-08
recdev_early(-11)      0.50333  -5.9101e-08
recdev_early(-10)     0.453701 -5.22577e-08
recdev_early(-9)     0.382313 -5.48518e-08
recdev_early(-8)     0.305467 -7.52165e-08
recdev_early(-7)     0.243273 -6.35449e-08
recdev_early(-6)      2.73583 -6.13098e-07
recdev_early(-5)     0.280158 -4.81718e-08
recdev_early(-4)     0.492634 -6.34086e-08
recdev_early(-3)     0.548403 -8.88442e-08
recdev_early(-2)     0.103329 -6.21906e-08
recdev_early(-1)     0.555899 -9.97515e-08
recdev_early(0)     0.501252 -1.16854e-07
recdev1(1)    0.0748636   1.6088e-07
recdev1(2)   -0.0663388  1.96305e-07
recdev1(3)   -0.0141924  1.73465e-07
recdev1(4)      1.55001 -1.89732e-07
recdev1(5)    -0.482751  2.19067e-07
recdev1(6)    -0.729216  2.27108e-07
recdev1(7)    -0.156517  1.57604e-07
recdev1(8)     0.170642  7.95814e-08
recdev1(9)     0.206632  1.00281e-07
recdev1(10)    -0.459018  1.42604e-07
recdev1(11)    -0.645696  1.42337e-07
recdev1(12)     0.836867  -1.5142e-07
recdev1(13)    -0.309118  1.16928e-07
recdev1(14)    -0.662582  1.32374e-07
recdev1(15)    -0.348158  1.05417e-07
recdev1(16)     -0.18631  7.86488e-08
recdev1(17)     0.746556 -2.77026e-07
recdev1(18)    0.0619766  7.76989e-09
recdev1(19)     0.437441 -2.18123e-07
recdev1(20)    -0.334946  9.75135e-08
recdev1(21)   0.00118613 -1.79915e-08
recdev1(22)    -0.263808 -3.52556e-08
recdev1(23)   -0.0948451  3.22462e-08
recdev1(24)    -0.751495  9.14915e-08
recdev1(25)    -0.849843  1.45716e-08
recdev1(26)      1.47793 -1.28377e-06
recdev1(27)     0.332203  -2.6951e-07
recdev1(28)    -0.768987  1.40148e-09
recdev1(29)    -0.697525  7.48158e-08
recdev1(30)    -0.748066  9.45453e-08
recdev1(31)      1.64303  -1.8196e-06
recdev1(32)     0.941756 -8.31248e-07
recdev1(33)    -0.174213 -6.97085e-08
recdev1(34)     0.275965 -3.20393e-07
recdev1(35)     -0.35033 -8.94308e-08
recdev1(36)    -0.499565  2.54337e-08
recdev1(37)    -0.685131 -1.89208e-09
recdev1(38)    -0.497153 -1.08137e-07
recdev1(39)      1.20237 -1.37043e-06
recdev1(40)   -0.0695572 -2.80614e-07
recdev1(41)   -0.0156591 -1.63987e-07
recdev1(42)     0.131573 -3.22715e-07
recdev1(43)     0.872203  -8.8845e-07
recdev1(44)    -0.471618 -5.09139e-08
recdev1(45)    -0.699265  4.48817e-08
recdev1(46)      1.22082  -1.3324e-06
recdev1(47)    -0.353916 -1.02028e-07
recdev1(48)    -0.691172  7.93811e-08
recdev1(49)     -1.02641  7.77633e-08
recdev1(50)     -1.05663  1.07671e-07
recdev1(51)    -0.543607  3.52702e-08
recdev1(52)     0.408701 -3.16437e-07
recdev1(53)     0.816278 -5.70424e-07
recdev1(54)     0.476131 -2.59027e-07
recdev1(55)    -0.306917 -3.72416e-09
recdev1(56)   -0.0523052  2.51189e-08
recdev1(57)    -0.598546  1.41448e-07
recdev1(58)    -0.573107  1.06431e-07
recdev1(59)      0.60692 -1.38713e-07
recdev1(60)    -0.643681  1.47212e-07
recdev1(61)      1.48863  -6.7257e-07
recdev1(62)   -0.0483887  7.39161e-08
recdev1(63)    0.0823222  8.76098e-08
recdev1(64)    -0.553137  1.23882e-07
recdev1(65)    -0.561142  2.46332e-07
recdev1(66)    -0.945253   1.7084e-07
recdev1(67)    -0.217084   1.9552e-07
recdev1(68)     0.314046  1.21855e-07
recdev1(69)      0.21349  1.52564e-07
recdev1(70)    -0.603483  2.65028e-07
recdev1(71)    -0.653907  2.07551e-07
recdev1(72)    -0.376124  2.70901e-07
recdev1(73)      1.15439  6.33548e-08
recdev1(74)    -0.704645  3.68985e-07
recdev1(75)    -0.180711   1.5475e-07
recdev1(76)      1.51001  1.24787e-09
recdev1(77)     -0.12487  1.61511e-07
recdev1(78)    -0.887361  3.05983e-07
recdev1(79)    -0.534566  2.11632e-07
recdev1(80)      0.36759  2.16544e-07
recdev1(81)    -0.263791  2.47064e-07
recdev1(82)    -0.424549  2.76513e-07
recdev1(83)    -0.256064  2.79332e-07
recdev1(84)     0.105399  3.20084e-07
recdev1(85)      1.29389  4.71238e-07
recdev1(86)    0.0200548  3.06529e-07
recdev1(87)     0.885026  3.68394e-07
recdev1(88)     0.558952  3.31291e-07
recdev1(89)    -0.111169  3.03544e-07
recdev1(90)      -0.8904  2.55306e-07
recdev1(91)    -0.427434  3.14952e-07
recdev1(92)    -0.293504  3.06222e-07
recdev1(93)     0.108036  3.56037e-07
recdev1(94)      1.10986  4.64136e-07
recdev1(95)      1.91847  6.18373e-07
recdev1(96)      1.31358  3.73451e-07
Fcast_recruitments(97)    -0.065524 -1.04515e-09
Fcast_recruitments(98)    -0.730346 -8.19625e-08
Fcast_recruitments(99)    -0.169482  -8.2959e-09
Fcast_recruitments(100)   -0.0271798  1.86278e-08
Fcast_recruitments(101)            0            0
Fcast_recruitments(102)            0            0
Fcast_recruitments(103)            0            0
Fcast_recruitments(104)            0            0
Fcast_recruitments(105)            0            0
Fcast_recruitments(106)            0            0
Fcast_recruitments(107)            0            0
Fcast_recruitments(108)            0            0
Fcast_recruitments(109)            0            0
Fcast_recruitments(110)            0            0
