#V3.30
#C data file created using the SS_writedat function in the R package r4ss
#C should work with SS version: 
#C file write time: 2020-05-03 22:27:18
#
1 #_styr
100 #_endyr
1 #_nseas
12 #_months_per_seas
2 #_Nsubseasons
1 #_spawn_month
1 #_Ngenders
30 #_Nages
1 #_N_areas
2 #_Nfleets
#_fleetinfo
#_type	surveytiming	area	units	need_catch_mult	fleetname
1	-1	1	1	0	Fishery	#_1
3	 1	1	2	0	Survey 	#_2
#_Catch data
#_year	season	fleet	catch	catch_se
 -999	1	1	   0.0000	0.0	#_1         
    1	1	1	  83.9067	0.1	#_2         
    2	1	1	  97.3541	0.1	#_3         
    3	1	1	 112.9430	0.1	#_4         
    4	1	1	 130.8560	0.1	#_5         
    5	1	1	 149.5060	0.1	#_6         
    6	1	1	 168.0050	0.1	#_7         
    7	1	1	 186.9630	0.1	#_8         
    8	1	1	 206.7060	0.1	#_9         
    9	1	1	 226.4710	0.1	#_10        
   10	1	1	 244.7470	0.1	#_11        
   11	1	1	 259.7080	0.1	#_12        
   12	1	1	 270.0460	0.1	#_13        
   13	1	1	 275.5870	0.1	#_14        
   14	1	1	 277.1120	0.1	#_15        
   15	1	1	 276.6350	0.1	#_16        
   16	1	1	 280.5100	0.1	#_17        
   17	1	1	 297.7700	0.1	#_18        
   18	1	1	 327.6540	0.1	#_19        
   19	1	1	 357.7030	0.1	#_20        
   20	1	1	 377.9550	0.1	#_21        
   21	1	1	 388.8040	0.1	#_22        
   22	1	1	 395.5550	0.1	#_23        
   23	1	1	 401.1940	0.1	#_24        
   24	1	1	 405.6860	0.1	#_25        
   25	1	1	 408.9880	0.1	#_26        
   26	1	1	 400.7440	0.1	#_27        
   27	1	1	 930.8520	0.1	#_28        
   28	1	1	1463.4800	0.1	#_29        
   29	1	1	1999.4200	0.1	#_30        
   30	1	1	2508.0200	0.1	#_31        
   31	1	1	2945.4800	0.1	#_32        
   32	1	1	3290.9400	0.1	#_33        
   33	1	1	3546.5900	0.1	#_34        
   34	1	1	3715.5000	0.1	#_35        
   35	1	1	3787.3200	0.1	#_36        
   36	1	1	3749.4000	0.1	#_37        
   37	1	1	3607.9000	0.1	#_38        
   38	1	1	3408.5800	0.1	#_39        
   39	1	1	3236.6700	0.1	#_40        
   40	1	1	3156.0900	0.1	#_41        
   41	1	1	3196.3800	0.1	#_42        
   42	1	1	3445.0400	0.1	#_43        
   43	1	1	3931.1000	0.1	#_44        
   44	1	1	4387.8900	0.1	#_45        
   45	1	1	4536.5900	0.1	#_46        
   46	1	1	4417.4300	0.1	#_47        
   47	1	1	4164.5400	0.1	#_48        
   48	1	1	3874.1600	0.1	#_49        
   49	1	1	3652.1100	0.1	#_50        
   50	1	1	3471.9500	0.1	#_51        
   51	1	1	3233.8800	0.1	#_52        
   52	1	1	2961.6400	0.1	#_53        
   53	1	1	2731.8200	0.1	#_54        
   54	1	1	2572.5100	0.1	#_55        
   55	1	1	2473.2500	0.1	#_56        
   56	1	1	2338.3000	0.1	#_57        
   57	1	1	2246.4500	0.1	#_58        
   58	1	1	2179.2800	0.1	#_59        
   59	1	1	2157.9300	0.1	#_60        
   60	1	1	2213.5100	0.1	#_61        
   61	1	1	2278.2500	0.1	#_62        
   62	1	1	2223.8100	0.1	#_63        
   63	1	1	2212.5600	0.1	#_64        
   64	1	1	2264.9200	0.1	#_65        
   65	1	1	2289.9400	0.1	#_66        
   66	1	1	2222.5600	0.1	#_67        
   67	1	1	2117.6500	0.1	#_68        
   68	1	1	2083.4100	0.1	#_69        
   69	1	1	2204.8300	0.1	#_70        
   70	1	1	2526.2700	0.1	#_71        
   71	1	1	2887.2500	0.1	#_72        
   72	1	1	3013.7500	0.1	#_73        
   73	1	1	2835.7200	0.1	#_74        
   74	1	1	2502.1100	0.1	#_75        
   75	1	1	2172.1700	0.1	#_76        
   76	1	1	1899.2700	0.1	#_77        
   77	1	1	1666.6700	0.1	#_78        
   78	1	1	1457.9200	0.1	#_79        
   79	1	1	1271.8700	0.1	#_80        
   80	1	1	1100.9000	0.1	#_81        
   81	1	1	1066.7200	0.1	#_82        
   82	1	1	1050.0400	0.1	#_83        
   83	1	1	1080.1700	0.1	#_84        
   84	1	1	1146.6000	0.1	#_85        
   85	1	1	1214.3600	0.1	#_86        
   86	1	1	1256.9100	0.1	#_87        
   87	1	1	1280.3700	0.1	#_88        
   88	1	1	1312.8300	0.1	#_89        
   89	1	1	1362.5900	0.1	#_90        
   90	1	1	1407.2700	0.1	#_91        
   91	1	1	1418.8700	0.1	#_92        
   92	1	1	1388.7000	0.1	#_93        
   93	1	1	1334.5000	0.1	#_94        
   94	1	1	1281.4800	0.1	#_95        
   95	1	1	1237.2800	0.1	#_96        
   96	1	1	1209.2200	0.1	#_97        
   97	1	1	1245.4100	0.1	#_98        
   98	1	1	1386.5000	0.1	#_99        
   99	1	1	1572.9000	0.1	#_100       
  100	1	1	1710.8400	0.1	#_101       
-9999	0	0	   0.0000	0.0	#_terminator
#_CPUE_and_surveyabundance_observations
#_Units:  0=numbers; 1=biomass; 2=F; >=30 for special types
#_Errtype:  -1=normal; 0=lognormal; >0=T
#_SD_Report: 0=no sdreport; 1=enable sdreport
#_Fleet	Units	Errtype	SD_Report
1	1	0	0	#_Fishery
2	1	0	0	#_Survey 
#
#_CPUE_data
#_year	seas	index	obs	se_log
    1	7	1	48891.39	0.1	#_1         
    2	7	1	51092.49	0.1	#_2         
    3	7	1	48343.25	0.1	#_3         
    4	7	1	54943.04	0.1	#_4         
    5	7	1	63845.25	0.1	#_5         
    6	7	1	56809.63	0.1	#_6         
    7	7	1	64898.45	0.1	#_7         
    8	7	1	67133.58	0.1	#_8         
    9	7	1	54312.08	0.1	#_9         
   10	7	1	58537.10	0.1	#_10        
   11	7	1	55726.42	0.1	#_11        
   12	7	1	61004.90	0.1	#_12        
   13	7	1	58229.80	0.1	#_13        
   14	7	1	49835.32	0.1	#_14        
   15	7	1	50477.60	0.1	#_15        
   16	7	1	55569.73	0.1	#_16        
   17	7	1	51427.86	0.1	#_17        
   18	7	1	51617.68	0.1	#_18        
   19	7	1	50128.74	0.1	#_19        
   20	7	1	60339.75	0.1	#_20        
   21	7	1	49206.34	0.1	#_21        
   22	7	1	54753.21	0.1	#_22        
   23	7	1	50491.38	0.1	#_23        
   24	7	1	58486.47	0.1	#_24        
   25	7	1	43198.85	0.1	#_25        
   26	7	1	45202.71	0.1	#_26        
   27	7	1	57197.50	0.1	#_27        
   28	7	1	46847.38	0.1	#_28        
   29	7	1	48396.20	0.1	#_29        
   30	7	1	43479.54	0.1	#_30        
   31	7	1	45556.08	0.1	#_31        
   32	7	1	44536.03	0.1	#_32        
   33	7	1	35794.59	0.1	#_33        
   34	7	1	38564.54	0.1	#_34        
   35	7	1	32834.09	0.1	#_35        
   36	7	1	32841.65	0.1	#_36        
   37	7	1	25943.23	0.1	#_37        
   38	7	1	26935.21	0.1	#_38        
   39	7	1	22886.77	0.1	#_39        
   40	7	1	17342.43	0.1	#_40        
   41	7	1	18800.07	0.1	#_41        
   42	7	1	19472.35	0.1	#_42        
   43	7	1	20949.10	0.1	#_43        
   44	7	1	23054.29	0.1	#_44        
   45	7	1	20411.72	0.1	#_45        
   46	7	1	20143.33	0.1	#_46        
   47	7	1	19058.86	0.1	#_47        
   48	7	1	15916.26	0.1	#_48        
   49	7	1	16399.29	0.1	#_49        
   50	7	1	14234.05	0.1	#_50        
   51	7	1	12499.34	0.1	#_51        
   52	7	1	 8897.35	0.1	#_52        
   53	7	1	 7302.68	0.1	#_53        
   54	7	1	 8137.26	0.1	#_54        
   55	7	1	 7186.44	0.1	#_55        
   56	7	1	 7464.67	0.1	#_56        
   57	7	1	 7266.29	0.1	#_57        
   58	7	1	 6965.37	0.1	#_58        
   59	7	1	 5925.24	0.1	#_59        
   60	7	1	 7466.32	0.1	#_60        
   61	7	1	 8592.67	0.1	#_61        
   62	7	1	 6058.32	0.1	#_62        
   63	7	1	 7840.56	0.1	#_63        
   64	7	1	 9635.97	0.1	#_64        
   65	7	1	 8817.09	0.1	#_65        
   66	7	1	 7974.59	0.1	#_66        
   67	7	1	 7713.94	0.1	#_67        
   68	7	1	 9881.53	0.1	#_68        
   69	7	1	 9488.19	0.1	#_69        
   70	7	1	 9750.74	0.1	#_70        
   71	7	1	13941.06	0.1	#_71        
   72	7	1	16985.55	0.1	#_72        
   73	7	1	14171.80	0.1	#_73        
   74	7	1	16289.63	0.1	#_74        
   75	7	1	12555.99	0.1	#_75        
   76	7	1	16941.56	0.1	#_76        
   77	7	1	 9818.04	0.1	#_77        
   78	7	1	11218.68	0.1	#_78        
   79	7	1	11594.26	0.1	#_79        
   80	7	1	 9833.29	0.1	#_80        
   81	7	1	15016.95	0.1	#_81        
   82	7	1	12199.46	0.1	#_82        
   83	7	1	10673.01	0.1	#_83        
   84	7	1	11805.92	0.1	#_84        
   85	7	1	13374.74	0.1	#_85        
   86	7	1	13174.79	0.1	#_86        
   87	7	1	13825.38	0.1	#_87        
   88	7	1	13616.79	0.1	#_88        
   89	7	1	15441.67	0.1	#_89        
   90	7	1	14771.90	0.1	#_90        
   91	7	1	12955.49	0.1	#_91        
   92	7	1	15428.26	0.1	#_92        
   93	7	1	12092.80	0.1	#_93        
   94	7	1	14795.19	0.1	#_94        
   95	7	1	13754.73	0.1	#_95        
   96	7	1	11803.24	0.1	#_96        
   97	7	1	13407.85	0.1	#_97        
   98	7	1	12325.32	0.1	#_98        
   99	7	1	16283.94	0.1	#_99        
  100	7	1	19541.55	0.1	#_100       
-9999	0	0	    0.00	0.0	#_terminator
0 #_N_discard_fleets
#_discard_units (1=same_as_catchunits(bio/num); 2=fraction; 3=numbers)
#_discard_errtype:  >0 for DF of T-dist(read CV below); 0 for normal with CV; -1 for normal with se; -2 for lognormal
#
#_discard_fleet_info
#
#_discard_data
#
#_meanbodywt
0 #_use_meanbodywt
 #_DF_for_meanbodywt_T-distribution_like
#
#_population_length_bins
2 # length bin method: 1=use databins; 2=generate from binwidth,min,max below; 3=read vector
1 # binwidth for population size comp
10 # minimum size in the population (lower edge of first bin and size at age 0.00)
72 # maximum size in the population (lower edge of last bin)
1 #_use_lencomp
#
#_len_info
#_mintailcomp	addtocomp	combine_M_F	CompressBins	CompError	ParmSelect	minsamplesize
-1	1e-10	0	0	0	0	1	#_Fishery
-1	1e-10	0	0	0	0	1	#_Survey 
32 #_N_lbins
#_lbin_vector
10 12 14 16 18 20 22 24 26 28 30 32 34 36 38 40 42 44 46 48 50 52 54 56 58 60 62 64 66 68 70 72 #_lbin_vector
#
#_lencomp
#_Yr	Seas	FltSvy	Gender	Part	Nsamp	l10	l12	l14	l16	l18	l20	l22	l24	l26	l28	l30	l32	l34	l36	l38	l40	l42	l44	l46	l48	l50	l52	l54	l56	l58	l60	l62	l64	l66	l68	l70	l72
    1	1	1	0	0	1000	0.005625520	0.01499610	0.00991058	0.04322210	0.12639100	0.1362280	0.0810514	0.0996651	0.196211	0.362095	0.561765	0.703492	0.724290	0.646728	0.564439	0.542962	0.570530	0.622170	0.672167	0.697268	0.677539	0.6049770	0.4898810	0.3567430	0.2324410	0.13509200	0.06990470	0.032168200	0.013152800	4.77467e-03	1.53765e-03	5.80584e-04	#_1         
    2	1	1	0	0	1000	0.002171910	0.00581112	0.00438381	0.02170010	0.06846510	0.1117740	0.2027160	0.3509430	0.379683	0.318282	0.366544	0.542411	0.727271	0.810991	0.767411	0.662902	0.582348	0.565314	0.584987	0.601661	0.587023	0.5293100	0.4341420	0.3206250	0.2118330	0.12470200	0.06524750	0.030297700	0.012473600	4.55008e-03	1.46977e-03	5.55878e-04	#_2         
    3	1	1	0	0	1000	0.005280580	0.01392740	0.00547894	0.00847509	0.02699590	0.0495180	0.1103810	0.2417960	0.405620	0.573735	0.669991	0.647878	0.633786	0.706321	0.776712	0.757221	0.667654	0.587840	0.547108	0.530437	0.507744	0.4579510	0.3786020	0.2826700	0.1889990	0.11259200	0.05957350	0.027940500	0.011601500	4.26142e-03	1.38395e-03	5.25889e-04	#_3         
    4	1	1	0	0	1000	0.004978740	0.01318840	0.00662682	0.02020620	0.05955110	0.0695200	0.0632097	0.1113640	0.220707	0.405896	0.643123	0.834829	0.903132	0.862288	0.798216	0.753202	0.698598	0.630613	0.563456	0.509665	0.463081	0.4078840	0.3356950	0.2518440	0.1698400	0.10218100	0.05460700	0.025854800	0.010827800	4.00684e-03	1.30929e-03	5.00428e-04	#_4         
    5	1	1	0	0	1000	0.004650610	0.01232190	0.00626225	0.01958230	0.05927270	0.0806790	0.1084940	0.1805290	0.225131	0.265581	0.401459	0.633092	0.870726	1.005680	0.993901	0.886134	0.760807	0.665232	0.588627	0.518757	0.451760	0.3831280	0.3085360	0.2298210	0.1552680	0.09399730	0.05063790	0.024180000	0.010210700	3.80772e-03	1.25285e-03	4.82428e-04	#_5         
    6	1	1	0	0	1000	0.004117040	0.01091320	0.00567152	0.01842660	0.05590450	0.0771206	0.1089760	0.1963490	0.279145	0.349344	0.429234	0.519158	0.661538	0.850677	0.987194	0.990852	0.881851	0.749420	0.634198	0.539096	0.454815	0.3736570	0.2928280	0.2143100	0.1436890	0.08696640	0.04704600	0.022609200	0.009617490	3.61348e-03	1.19760e-03	4.65177e-04	#_6         
    7	1	1	0	0	1000	0.003635190	0.00963606	0.00501202	0.01631530	0.04964250	0.0695818	0.1019070	0.1877670	0.276916	0.371657	0.488478	0.587946	0.667468	0.756624	0.857630	0.924202	0.904733	0.817794	0.698727	0.578586	0.470422	0.3734250	0.2843860	0.2035990	0.1345230	0.08080590	0.04363220	0.021011100	0.008976380	3.39105e-03	1.13048e-03	4.42410e-04	#_7         
    8	1	1	0	0	1000	0.002192300	0.00583230	0.00356259	0.01443050	0.04400560	0.0617613	0.0909421	0.1693860	0.255725	0.356222	0.488769	0.616561	0.719148	0.793210	0.840934	0.866604	0.858867	0.816366	0.732373	0.619077	0.498272	0.3848570	0.2843300	0.1983460	0.1285270	0.07620330	0.04084310	0.019611800	0.008382700	3.17541e-03	1.06288e-03	4.18559e-04	#_8         
    9	1	1	0	0	1000	0.001802480	0.00478138	0.00257380	0.00888131	0.02764730	0.0433539	0.0773665	0.1518670	0.231389	0.327003	0.459938	0.601213	0.729765	0.828391	0.879754	0.883933	0.852374	0.807306	0.740022	0.643588	0.526500	0.4052910	0.2939880	0.2002470	0.1269050	0.07394100	0.03915240	0.018661200	0.007948120	3.00901e-03	1.00874e-03	3.98931e-04	#_9         
   10	1	1	0	0	1000	0.001732690	0.00459134	0.00234707	0.00742743	0.02271000	0.0328286	0.0522101	0.1054760	0.180050	0.285357	0.423663	0.568735	0.710544	0.833643	0.910592	0.926605	0.889276	0.832926	0.761076	0.667935	0.554269	0.4305280	0.3115900	0.2095630	0.1304330	0.07461840	0.03890660	0.018333100	0.007749490	2.92138e-03	9.77811e-04	3.87139e-04	#_10        
   11	1	1	0	0	1000	0.001407340	0.00373500	0.00205526	0.00729040	0.02215910	0.0307755	0.0446314	0.0846891	0.136518	0.213944	0.338658	0.497281	0.666172	0.816925	0.922170	0.963755	0.940641	0.885799	0.808525	0.709554	0.591423	0.4623960	0.3358730	0.2252600	0.1388790	0.07836980	0.04026600	0.018723900	0.007831860	2.93045e-03	9.76306e-04	3.85694e-04	#_11        
   12	1	1	0	0	1000	0.002211130	0.00584359	0.00259648	0.00608866	0.01859010	0.0271115	0.0429042	0.0814597	0.123924	0.179787	0.272279	0.402176	0.567001	0.745748	0.895808	0.979437	0.985774	0.946612	0.873001	0.769488	0.642948	0.5041010	0.3671610	0.2463690	0.1513650	0.08475290	0.04307250	0.019786100	0.008179730	3.02988e-03	1.00145e-03	3.92970e-04	#_12        
   13	1	1	0	0	1000	0.001022170	0.00273245	0.00199713	0.00955154	0.02862130	0.0360992	0.0413352	0.0719270	0.113262	0.168311	0.247792	0.348605	0.480313	0.644533	0.813871	0.942976	0.997863	0.993629	0.937917	0.837915	0.705173	0.5550360	0.4051920	0.2721610	0.1670500	0.09319170	0.04705220	0.021424200	0.008768370	3.21524e-03	1.05294e-03	4.09214e-04	#_13        
   14	1	1	0	0	1000	0.017115100	0.04503940	0.01514250	0.00497315	0.01442140	0.0254048	0.0518038	0.0992316	0.134151	0.165644	0.226891	0.316162	0.428829	0.565911	0.719062	0.861070	0.954875	0.995678	0.975033	0.893405	0.763712	0.6064770	0.4448520	0.2994680	0.1838780	0.10242700	0.05153300	0.023333900	0.009480470	3.44726e-03	1.11906e-03	4.30260e-04	#_14        
   15	1	1	0	0	1000	0.008183660	0.02185100	0.01532660	0.07049620	0.20539800	0.2145720	0.0984713	0.0688394	0.111221	0.180016	0.252908	0.314970	0.388214	0.492354	0.619814	0.748689	0.852017	0.922126	0.938899	0.889486	0.779370	0.6290960	0.4660020	0.3153990	0.1941330	0.10817400	0.05434470	0.024529900	0.009919440	3.58500e-03	1.15558e-03	4.39900e-04	#_15        
   16	1	1	0	0	1000	0.001195590	0.00328734	0.00469195	0.03150500	0.10049800	0.1705080	0.3233240	0.5551910	0.557851	0.352147	0.243926	0.279912	0.358096	0.434026	0.514168	0.604632	0.691288	0.765298	0.803783	0.786573	0.709284	0.5855180	0.4406340	0.3012810	0.1865520	0.10426200	0.05242500	0.023645400	0.009541450	3.43696e-03	1.10307e-03	4.17051e-04	#_16        
   17	1	1	0	0	1000	0.001891900	0.00499618	0.00213024	0.00461848	0.01710050	0.0480571	0.1474170	0.3446240	0.593069	0.838278	0.919277	0.735041	0.497639	0.405569	0.429151	0.485457	0.542302	0.599761	0.640764	0.643260	0.595903	0.5040290	0.3868500	0.2683840	0.1678300	0.09436720	0.04759820	0.021488000	0.008663930	3.11397e-03	9.95998e-04	3.74258e-04	#_17        
   18	1	1	0	0	1000	0.001656710	0.00438974	0.00223656	0.00700201	0.02086430	0.0264804	0.0357059	0.0948915	0.249203	0.532588	0.880353	1.124270	1.122070	0.895333	0.634723	0.493654	0.467259	0.494919	0.527329	0.536369	0.507085	0.4384710	0.3434680	0.2423840	0.1535780	0.08716800	0.04423740	0.020040300	0.008091360	2.90732e-03	9.28368e-04	3.47445e-04	#_18        
   19	1	1	0	0	1000	0.004446220	0.01172520	0.00456875	0.00667601	0.01999580	0.0275619	0.0387122	0.0702151	0.112745	0.210723	0.442682	0.801378	1.143770	1.277960	1.140840	0.861071	0.622959	0.511907	0.486306	0.481921	0.458410	0.4026700	0.3211280	0.2305210	0.1482380	0.08514730	0.04360450	0.019880700	0.008060500	2.90301e-03	9.27789e-04	3.46951e-04	#_19        
   20	1	1	0	0	1000	0.002320980	0.00618951	0.00415150	0.01839350	0.05431720	0.0625538	0.0514304	0.0726312	0.106415	0.154110	0.251712	0.440983	0.746317	1.084920	1.276560	1.212090	0.969591	0.729245	0.574326	0.495467	0.445730	0.3881980	0.3124100	0.2274020	0.1483160	0.08628270	0.04465920	0.020533700	0.008377600	3.03032e-03	9.71062e-04	3.63572e-04	#_20        
   21	1	1	0	0	1000	0.003195360	0.00844976	0.00388284	0.00996547	0.03132250	0.0518002	0.0964161	0.1728060	0.203262	0.195738	0.226471	0.318422	0.488790	0.747382	1.027490	1.191400	1.151550	0.975733	0.767558	0.598988	0.482552	0.3940270	0.3102490	0.2259560	0.1487240	0.08750230	0.04578730	0.021255200	0.008741130	3.18169e-03	1.02435e-03	3.84975e-04	#_21        
   22	1	1	0	0	1000	0.002656980	0.00704993	0.00383941	0.01338510	0.04017320	0.0521143	0.0657563	0.1253400	0.213091	0.313228	0.387797	0.408520	0.442579	0.563960	0.766304	0.970582	1.074400	1.047630	0.912789	0.732717	0.564562	0.4289140	0.3194060	0.2263500	0.1479940	0.08742120	0.04611960	0.021605000	0.008961740	3.28673e-03	1.06488e-03	4.02702e-04	#_22        
   23	1	1	0	0	1000	0.002714210	0.00718989	0.00361717	0.01113120	0.03404640	0.0491409	0.0755031	0.1377160	0.195553	0.263908	0.379049	0.501845	0.580327	0.621003	0.683403	0.796851	0.911940	0.971655	0.935418	0.811884	0.646250	0.4831150	0.3446760	0.2342710	0.1491740	0.08715920	0.04595430	0.021630900	0.009034950	3.33797e-03	1.08896e-03	4.14946e-04	#_23        
   24	1	1	0	0	1000	0.008645590	0.02279250	0.00870731	0.01147840	0.03425320	0.0470387	0.0664909	0.1238740	0.191237	0.270699	0.372228	0.478850	0.588206	0.683587	0.742576	0.780589	0.823023	0.872209	0.882181	0.818802	0.689665	0.5304920	0.3772870	0.2502930	0.1548060	0.08843540	0.04604980	0.021591600	0.009033960	3.35335e-03	1.10050e-03	4.22685e-04	#_24        
   25	1	1	0	0	1000	0.002460690	0.00663436	0.00625595	0.03515910	0.10379200	0.1179390	0.0912036	0.1229610	0.178300	0.247986	0.350698	0.465919	0.577588	0.676997	0.751648	0.793216	0.807539	0.820888	0.822139	0.782604	0.687452	0.5497410	0.3998950	0.2659060	0.1623100	0.09092620	0.04650550	0.021540500	0.008959300	3.32268e-03	1.09310e-03	4.22341e-04	#_25        
   26	1	1	0	0	1000	0.009803910	0.02583290	0.00953676	0.01035610	0.03396580	0.0705154	0.1656280	0.3083550	0.355888	0.324616	0.346073	0.428432	0.533842	0.638540	0.720442	0.766687	0.778706	0.780037	0.768741	0.730045	0.651370	0.5347550	0.3991960	0.2699450	0.1654690	0.09207190	0.04649030	0.021239700	0.008736880	3.21773e-03	1.05550e-03	4.08282e-04	#_26        
   27	1	1	0	0	1000	0.000818760	0.00232787	0.00517102	0.03777460	0.11135900	0.1246150	0.0941556	0.1510790	0.297342	0.488965	0.617978	0.616730	0.581544	0.602399	0.660257	0.707635	0.724042	0.724852	0.709961	0.670957	0.600298	0.4987210	0.3789030	0.2607610	0.1618360	0.09046800	0.04554770	0.020642600	0.008407040	3.06787e-03	9.99497e-04	3.85066e-04	#_27        
   28	1	1	0	0	1000	0.004335020	0.01141740	0.00408915	0.00367603	0.01516050	0.0528981	0.1652210	0.3200020	0.375888	0.380448	0.496008	0.684056	0.797247	0.784539	0.720579	0.680309	0.665717	0.661869	0.648045	0.611834	0.547722	0.4573030	0.3508410	0.2445160	0.1536500	0.08669100	0.04383450	0.019848100	0.008042730	2.91338e-03	9.41781e-04	3.59861e-04	#_28        
   29	1	1	0	0	1000	0.002953430	0.00784692	0.00453230	0.01704160	0.04993150	0.0556327	0.0456014	0.1011130	0.260870	0.494177	0.670176	0.730000	0.775732	0.844330	0.857066	0.788681	0.697222	0.639222	0.604392	0.565435	0.505945	0.4236210	0.3268370	0.2296580	0.1457010	0.08296980	0.04225590	0.019209100	0.007786170	2.81217e-03	9.04336e-04	3.42744e-04	#_29        
   30	1	1	0	0	1000	0.003238960	0.00857493	0.00418835	0.01220990	0.03759010	0.0560572	0.0893848	0.1548460	0.193906	0.251376	0.435167	0.704493	0.907438	0.970411	0.944132	0.878922	0.784172	0.690982	0.614307	0.549905	0.482631	0.4023230	0.3110920	0.2197480	0.1403890	0.08056380	0.04133650	0.018906300	0.007694270	2.78322e-03	8.94237e-04	3.37526e-04	#_30        
   31	1	1	0	0	1000	0.003865660	0.01023040	0.00490243	0.01369610	0.04128410	0.0555648	0.0754065	0.1399860	0.217675	0.301825	0.397919	0.517129	0.702724	0.913354	1.028690	1.001680	0.888172	0.769162	0.664180	0.571082	0.483455	0.3944320	0.3025180	0.2136670	0.1370250	0.07907120	0.04081970	0.018779900	0.007680590	2.78785e-03	8.97166e-04	3.38286e-04	#_31        
   32	1	1	0	0	1000	0.002026470	0.00540584	0.00367027	0.01651300	0.04987140	0.0659697	0.0846620	0.1478070	0.213891	0.289243	0.401735	0.525613	0.648654	0.783402	0.916799	0.989241	0.955687	0.856046	0.733879	0.614257	0.503409	0.3991330	0.3002720	0.2100780	0.1344190	0.07772160	0.04028650	0.018624400	0.007653550	2.78967e-03	9.00584e-04	3.40196e-04	#_32        
   33	1	1	0	0	1000	0.002476690	0.00655456	0.00314472	0.00888475	0.02802130	0.0469676	0.0908472	0.1755610	0.247086	0.313602	0.410703	0.520790	0.635596	0.751165	0.851336	0.916606	0.924040	0.878485	0.784865	0.662908	0.534982	0.4137200	0.3040390	0.2091520	0.1325540	0.07636880	0.03960240	0.018358600	0.007573400	2.77191e-03	8.98347e-04	3.40700e-04	#_33        
   34	1	1	0	0	1000	0.001545070	0.00411347	0.00258862	0.01081140	0.03266060	0.0436207	0.0593674	0.1175920	0.207792	0.330179	0.463888	0.570191	0.659880	0.749027	0.827412	0.877474	0.885420	0.860640	0.796290	0.693185	0.566428	0.4353780	0.3146840	0.2125670	0.1327720	0.07578600	0.03912330	0.018119500	0.007485130	2.74700e-03	8.93187e-04	3.40171e-04	#_34        
   35	1	1	0	0	1000	0.001627850	0.00431334	0.00220094	0.00697126	0.02175850	0.0346276	0.0626329	0.1208030	0.178639	0.255902	0.390853	0.557741	0.706264	0.805512	0.858693	0.880094	0.872651	0.848426	0.796615	0.709010	0.591072	0.4589240	0.3310690	0.2213180	0.1363980	0.07692190	0.03936460	0.018138400	0.007477570	2.74466e-03	8.93843e-04	3.41515e-04	#_35        
   36	1	1	0	0	1000	0.005489420	0.01447310	0.00556118	0.00756705	0.02263970	0.0314666	0.0463709	0.0918209	0.156258	0.244930	0.359915	0.490219	0.641788	0.793301	0.895539	0.925941	0.901446	0.861814	0.806566	0.724206	0.612510	0.4819280	0.3502000	0.2340130	0.1432760	0.08002550	0.04055720	0.018541000	0.007602580	2.78239e-03	9.05289e-04	3.46240e-04	#_36        
   37	1	1	0	0	1000	0.006961720	0.01842730	0.00890970	0.02522790	0.07406370	0.0844127	0.0662850	0.0910945	0.135851	0.200465	0.306989	0.443181	0.591038	0.735519	0.856037	0.924369	0.925470	0.888876	0.827089	0.740750	0.629423	0.4996830	0.3662740	0.2460010	0.1506350	0.08377830	0.04216570	0.019128900	0.007789540	2.83563e-03	9.19372e-04	3.50963e-04	#_37        
   38	1	1	0	0	1000	0.005560450	0.01476890	0.00841997	0.03130490	0.09443210	0.1248370	0.1562540	0.2483650	0.283923	0.261508	0.287044	0.374426	0.500086	0.642417	0.770087	0.853952	0.879627	0.865708	0.816309	0.733987	0.624589	0.4975600	0.3667550	0.2477000	0.1522020	0.08467350	0.04249640	0.019182300	0.007764210	2.80959e-03	9.06275e-04	3.44376e-04	#_38        
   39	1	1	0	0	1000	0.011480100	0.03030480	0.01258190	0.02397630	0.07324240	0.1087680	0.1758370	0.3232850	0.438833	0.502632	0.540359	0.521004	0.499796	0.543469	0.632860	0.716008	0.758928	0.766933	0.738718	0.673839	0.578040	0.4625810	0.3422690	0.2320930	0.1431420	0.07982310	0.04007530	0.018056300	0.007282300	2.62300e-03	8.41912e-04	3.18081e-04	#_39        
   40	1	1	0	0	1000	0.027373700	0.07221220	0.02875610	0.04623520	0.13555800	0.1629330	0.1599270	0.2589320	0.400891	0.562969	0.720604	0.783143	0.743615	0.663243	0.603201	0.590829	0.604021	0.617775	0.608437	0.566013	0.492514	0.3978300	0.2961260	0.2016640	0.1248080	0.06979370	0.03510210	0.015821700	0.006373840	2.29007e-03	7.32505e-04	2.75318e-04	#_40        
   41	1	1	0	0	1000	0.003239650	0.00898462	0.01465740	0.10059800	0.29840000	0.3472130	0.2934200	0.3938250	0.480004	0.518359	0.629095	0.770579	0.848640	0.821100	0.712991	0.593265	0.511210	0.476362	0.458592	0.430217	0.380065	0.3110530	0.2337410	0.1602180	0.0996098	0.05588830	0.02817680	0.012719500	0.005126620	1.84083e-03	5.87830e-04	2.20173e-04	#_41        
   42	1	1	0	0	1000	0.000646773	0.00175331	0.00190778	0.01214440	0.04671830	0.1363890	0.3972350	0.7690620	0.902385	0.816513	0.774449	0.773059	0.773435	0.770917	0.722010	0.614730	0.491376	0.401763	0.347962	0.310734	0.271877	0.2240080	0.1700300	0.1175670	0.0735708	0.04147240	0.02097930	0.009493020	0.003832070	1.37697e-03	4.39652e-04	1.64430e-04	#_42        
   43	1	1	0	0	1000	0.008258120	0.02173260	0.00733212	0.00266628	0.00859928	0.0220845	0.0749957	0.2343030	0.569895	1.034610	1.337840	1.284140	1.056600	0.864799	0.729002	0.608907	0.488714	0.385545	0.306858	0.250620	0.207134	0.1668500	0.1263350	0.0878265	0.0553382	0.03138160	0.01594820	0.007240980	0.002930040	1.05453e-03	3.36996e-04	1.26035e-04	#_43        
   44	1	1	0	0	1000	0.002138070	0.00577518	0.00570743	0.03277600	0.09567870	0.1004460	0.0500023	0.0557816	0.153037	0.399544	0.829694	1.303490	1.542010	1.416420	1.090380	0.780652	0.560253	0.416643	0.316079	0.242153	0.186692	0.1426610	0.1050270	0.0723322	0.0456035	0.02597630	0.01326920	0.006052560	0.002458510	8.87534e-04	2.84317e-04	1.06580e-04	#_44        
   45	1	1	0	0	1000	0.002406620	0.00637314	0.00316295	0.00968394	0.03263650	0.0690513	0.1628630	0.2932770	0.307817	0.250554	0.342623	0.664143	1.109140	1.444580	1.468010	1.199390	0.839819	0.561116	0.382264	0.269561	0.193968	0.1394940	0.0979942	0.0655550	0.0407683	0.02313540	0.01183370	0.005415160	0.002207210	7.99196e-04	2.56608e-04	9.63709e-05	#_45        
   46	1	1	0	0	1000	0.010694800	0.02818110	0.01041570	0.01117670	0.03313250	0.0458243	0.0705128	0.1602730	0.319055	0.510349	0.620419	0.622818	0.701840	0.956367	1.222730	1.280820	1.090540	0.801184	0.537230	0.348031	0.227023	0.1502990	0.0991343	0.0633878	0.0382828	0.02137430	0.01085580	0.004959990	0.002024160	7.34561e-04	2.36397e-04	8.89816e-05	#_46        
   47	1	1	0	0	1000	0.004187740	0.01123710	0.00926962	0.04817320	0.14165600	0.1571920	0.1079150	0.1329470	0.203363	0.327021	0.537475	0.758977	0.883479	0.918098	0.965201	1.034980	1.021910	0.887983	0.674697	0.458630	0.290258	0.1780030	0.1080490	0.0645834	0.0371913	0.02013220	0.01003810	0.004542330	0.001846480	6.69728e-04	2.15793e-04	8.14269e-05	#_47        
   48	1	1	0	0	1000	0.002124940	0.00567400	0.00399764	0.01887270	0.06166260	0.1160500	0.2485670	0.4493460	0.496964	0.414783	0.422505	0.556580	0.745185	0.900247	0.958809	0.936382	0.876263	0.795296	0.669324	0.505287	0.341657	0.2111800	0.1227750	0.0686188	0.0370336	0.01906980	0.00919082	0.004071340	0.001634760	5.89218e-04	1.89389e-04	7.14795e-05	#_48        
   49	1	1	0	0	1000	0.006762810	0.01783050	0.00685312	0.00942227	0.02956360	0.0518884	0.1131720	0.2631750	0.488439	0.748554	0.895285	0.834569	0.733362	0.741213	0.807965	0.833055	0.785952	0.703499	0.599947	0.477216	0.346007	0.2265090	0.1347250	0.0739863	0.0381305	0.01858500	0.00853207	0.003644570	0.001427990	5.06890e-04	1.61503e-04	6.06649e-05	#_49        
   50	1	1	0	0	1000	0.005535260	0.01469480	0.00819368	0.02943240	0.08664210	0.0990968	0.0815640	0.1313100	0.252660	0.471351	0.781290	1.055940	1.147500	1.040500	0.874175	0.762334	0.692964	0.628042	0.543929	0.441370	0.331124	0.2267740	0.1406920	0.0791149	0.0406307	0.01925010	0.00847282	0.003465320	0.001308760	4.52001e-04	1.41336e-04	5.23517e-05	#_50        
   51	1	1	0	0	1000	0.006751970	0.01787370	0.00868781	0.02505630	0.07668950	0.1111760	0.1688650	0.2871330	0.339435	0.352928	0.482235	0.742016	1.024620	1.182570	1.135280	0.945773	0.742735	0.602025	0.501992	0.409389	0.313717	0.2211430	0.1418040	0.0822426	0.0431006	0.02047770	0.00887032	0.003520860	0.001282920	4.28109e-04	1.30090e-04	4.69593e-05	#_51        
   52	1	1	0	0	1000	0.009778490	0.02585840	0.01188350	0.03024300	0.09091720	0.1212340	0.1599490	0.2881710	0.427546	0.551773	0.650367	0.697107	0.776399	0.926320	1.037880	1.004750	0.843327	0.658694	0.505334	0.387754	0.291502	0.2073580	0.1359180	0.0808992	0.0434317	0.02099020	0.00914300	0.003600210	0.001285790	4.17341e-04	1.23071e-04	4.29208e-05	#_52        
   53	1	1	0	0	1000	0.005489280	0.01463170	0.00964413	0.04215890	0.12659300	0.1620570	0.1905650	0.3181200	0.444060	0.564197	0.723376	0.847599	0.890460	0.882746	0.869974	0.848353	0.774928	0.653988	0.512531	0.381288	0.274057	0.1896480	0.1238180	0.0745866	0.0408057	0.02010230	0.00888642	0.003523740	0.001255080	4.02361e-04	1.16297e-04	3.92984e-05	#_53        
   54	1	1	0	0	1000	0.012321500	0.03251550	0.01323650	0.02354400	0.07326340	0.1193020	0.2206990	0.4134260	0.549448	0.635688	0.760250	0.873784	0.937262	0.940834	0.879089	0.778902	0.670611	0.570065	0.465231	0.356475	0.256041	0.1734700	0.1108640	0.0661661	0.0363306	0.01810910	0.00812112	0.003261160	0.001170630	3.75674e-04	1.07894e-04	3.57935e-05	#_54        
   55	1	1	0	0	1000	0.006101230	0.01628110	0.01118450	0.05068240	0.15032300	0.1783420	0.1687980	0.2786290	0.462883	0.689709	0.899115	0.994272	1.001460	0.968586	0.890991	0.770197	0.631602	0.510230	0.406604	0.313298	0.228481	0.1557970	0.0989339	0.0583519	0.0317736	0.01582520	0.00713957	0.002894880	0.001049560	3.39348e-04	9.77578e-05	3.22682e-05	#_55        
   56	1	1	0	0	1000	0.009379450	0.02478590	0.01096020	0.02551700	0.08023330	0.1337720	0.2525280	0.4600270	0.566220	0.603752	0.747416	0.948920	1.074090	1.063030	0.945119	0.783033	0.618784	0.481213	0.369073	0.276664	0.199672	0.1363410	0.0868485	0.0511571	0.0277086	0.01372710	0.00618109	0.002512680	0.000916517	2.98573e-04	8.66084e-05	2.87180e-05	#_56        
   57	1	1	0	0	1000	0.017156100	0.04530140	0.01913750	0.03845660	0.11399400	0.1431900	0.1647940	0.3015630	0.508427	0.748479	0.939050	0.995548	1.000090	1.008160	0.957995	0.818627	0.636730	0.476564	0.350749	0.253525	0.178012	0.1196020	0.0756929	0.0445139	0.0240813	0.01189980	0.00534210	0.002167820	0.000791296	2.58621e-04	7.53907e-05	2.51571e-05	#_57        
   58	1	1	0	0	1000	0.009949650	0.02648530	0.01656440	0.06853170	0.20379700	0.2462640	0.2409470	0.3602620	0.473006	0.578417	0.777700	0.994290	1.102460	1.067510	0.944704	0.791822	0.627389	0.474497	0.343616	0.240206	0.162769	0.1062590	0.0659632	0.0383728	0.0206502	0.01017720	0.00455962	0.001846870	0.000673334	2.20100e-04	6.42798e-05	2.15469e-05	#_58        
   59	1	1	0	0	1000	0.005161780	0.01375320	0.00893456	0.03879670	0.12111300	0.1897810	0.3295880	0.5913210	0.724932	0.729664	0.780659	0.861541	0.937840	0.980191	0.929854	0.785742	0.606508	0.450329	0.324394	0.224782	0.149113	0.0945735	0.0571083	0.0325264	0.0172636	0.00843979	0.00376434	0.001520760	0.000553485	1.80734e-04	5.27731e-05	1.77168e-05	#_59        
   60	1	1	0	0	1000	0.016002500	0.04218280	0.01599620	0.02035250	0.06278030	0.1023920	0.1962160	0.4067000	0.656243	0.918821	1.112970	1.115450	1.010360	0.916554	0.831990	0.719826	0.575280	0.432132	0.308435	0.210600	0.137635	0.0857107	0.0505847	0.0281256	0.0146191	0.00703679	0.00310645	0.001247080	0.000452185	1.47329e-04	4.29657e-05	1.44200e-05	#_60        
   61	1	1	0	0	1000	0.014106000	0.03739120	0.01941970	0.06264670	0.18394400	0.2080230	0.1602260	0.2330130	0.398593	0.649642	0.962240	1.204520	1.271450	1.153330	0.938122	0.726194	0.550977	0.412924	0.298343	0.204529	0.132626	0.0813696	0.0471481	0.0256822	0.0130696	0.00616943	0.00268038	0.001063430	0.000382523	1.23997e-04	3.60485e-05	1.20744e-05	#_61        
   62	1	1	0	0	1000	0.009830050	0.02610850	0.01487080	0.05530400	0.16815900	0.2322520	0.3203830	0.5248410	0.598581	0.558932	0.649161	0.871376	1.085060	1.165370	1.065370	0.843857	0.605057	0.421429	0.291368	0.197104	0.127628	0.0779945	0.0447117	0.0239698	0.0119729	0.00554393	0.00236523	0.000923718	0.000328106	1.05367e-04	3.04326e-05	1.01422e-05	#_62        
   63	1	1	0	0	1000	0.007318820	0.01942060	0.01060830	0.03732380	0.11487600	0.1701510	0.2754090	0.5153620	0.727541	0.873988	0.961099	0.928309	0.879586	0.900545	0.907256	0.812494	0.633563	0.450098	0.301562	0.194884	0.122122	0.0734205	0.0417182	0.0221542	0.0109226	0.00497715	0.00208701	0.000801401	0.000280339	8.88697e-05	2.54050e-05	8.38937e-06	#_63        
   64	1	1	0	0	1000	0.003543650	0.00944791	0.00628744	0.02784990	0.08544230	0.1234650	0.1935800	0.3739310	0.584019	0.823516	1.072130	1.191570	1.144860	1.000890	0.842857	0.707729	0.575673	0.440934	0.311432	0.203533	0.124975	0.0729097	0.0404186	0.0211124	0.0102812	0.00462770	0.00191374	0.000723781	0.000249309	7.78883e-05	2.19790e-05	7.16283e-06	#_64        
   65	1	1	0	0	1000	0.017903600	0.04715760	0.01695310	0.01471180	0.04495920	0.0742673	0.1429520	0.2878770	0.447756	0.646589	0.910687	1.148080	1.270140	1.228780	1.044260	0.806017	0.593066	0.435402	0.313218	0.213065	0.134485	0.0786921	0.0429531	0.0219527	0.0104809	0.00464332	0.00189439	0.000707119	0.000240281	7.40305e-05	2.06080e-05	6.61224e-06	#_65        
   66	1	1	0	0	1000	0.003945780	0.01071380	0.01196540	0.07263540	0.21326700	0.2328190	0.1477600	0.1795310	0.302890	0.491915	0.732622	0.965973	1.152490	1.237540	1.169350	0.967347	0.715109	0.500581	0.341631	0.227364	0.144769	0.0863326	0.0476538	0.0242866	0.0114414	0.00498163	0.00199852	0.000734965	0.000246406	7.49460e-05	2.05987e-05	6.50627e-06	#_66        
   67	1	1	0	0	1000	0.036682000	0.09655880	0.03318750	0.01723190	0.05637230	0.1291650	0.3246790	0.5992310	0.652173	0.528024	0.534775	0.702142	0.903584	1.043410	1.067650	0.964087	0.770003	0.563228	0.384880	0.249543	0.154747	0.0913142	0.0505841	0.0259659	0.0122566	0.00530431	0.00210227	0.000761798	0.000251656	7.54951e-05	2.04854e-05	6.37233e-06	#_67        
   68	1	1	0	0	1000	0.019687200	0.05238880	0.03231530	0.13124000	0.38280000	0.4068210	0.2208170	0.2483050	0.489978	0.810864	0.988456	0.911148	0.781830	0.766546	0.800793	0.777338	0.671350	0.527832	0.380869	0.253663	0.157342	0.0915743	0.0500601	0.0255495	0.0120618	0.00522411	0.00206478	0.000742594	0.000242577	7.18336e-05	1.92362e-05	5.89011e-06	#_68        
   69	1	1	0	0	1000	0.003987140	0.01078220	0.01098680	0.06483800	0.20242100	0.3133840	0.5257660	0.8860960	0.927505	0.698820	0.674897	0.849493	0.941926	0.855146	0.700390	0.581613	0.493518	0.408264	0.314214	0.221225	0.142448	0.0843050	0.0461061	0.0233620	0.0109493	0.00472237	0.00186257	0.000668175	0.000217188	6.38074e-05	1.69124e-05	5.10383e-06	#_69        
   70	1	1	0	0	1000	0.001805080	0.00480762	0.00308249	0.01345580	0.04597510	0.1020070	0.2652710	0.5765120	0.910209	1.203780	1.319590	1.140040	0.898758	0.782061	0.699890	0.571342	0.431415	0.325911	0.247186	0.180071	0.121508	0.0748278	0.0419760	0.0215049	0.0100866	0.00433279	0.00170084	0.000607813	0.000196903	5.76115e-05	1.51824e-05	4.53582e-06	#_70        
   71	1	1	0	0	1000	0.002265350	0.00598857	0.00270398	0.00664048	0.02079440	0.0347971	0.0748787	0.1936930	0.432035	0.820421	1.251580	1.509730	1.475980	1.205150	0.878939	0.629437	0.456688	0.331977	0.237397	0.166163	0.111985	0.0707380	0.0410009	0.0215894	0.0103037	0.00446018	0.00175241	0.000624623	0.000201598	5.87581e-05	1.54212e-05	4.57727e-06	#_71        
   72	1	1	0	0	1000	0.005432110	0.01433110	0.00573525	0.00943473	0.02793600	0.0356951	0.0435433	0.0859200	0.173326	0.360071	0.703081	1.150530	1.519400	1.609870	1.389200	1.012050	0.663254	0.429359	0.284117	0.189080	0.123113	0.0766718	0.0447522	0.0240442	0.0117435	0.00518121	0.00206073	0.000738690	0.000238628	6.94215e-05	1.81625e-05	5.36485e-06	#_72        
   73	1	1	0	0	1000	0.004233260	0.01124630	0.00647190	0.02426270	0.07171400	0.0837979	0.0725921	0.1027720	0.142584	0.205356	0.361292	0.652468	1.054840	1.427470	1.571740	1.406260	1.047530	0.694337	0.432198	0.263427	0.159781	0.0952408	0.0544319	0.0291514	0.0143741	0.00644458	0.00260672	0.000947318	0.000308796	9.02357e-05	2.36302e-05	6.96567e-06	#_73        
   74	1	1	0	0	1000	0.004467270	0.01183850	0.00607804	0.01940530	0.05974740	0.0887610	0.1410790	0.2442670	0.288927	0.278898	0.314835	0.431840	0.656013	0.977916	1.279830	1.394810	1.256020	0.970160	0.659928	0.407320	0.236114	0.1319310	0.0714841	0.0370856	0.0180577	0.00810430	0.00330832	0.001217710	0.000402006	1.18696e-04	3.13019e-05	9.26252e-06	#_74        
   75	1	1	0	0	1000	0.002993750	0.00796447	0.00486598	0.01970650	0.05997090	0.0833320	0.1210780	0.2285190	0.350724	0.467567	0.552441	0.564811	0.583430	0.702811	0.908480	1.093400	1.139470	1.029410	0.807379	0.554445	0.339489	0.1898450	0.0992277	0.0491432	0.0230501	0.01012350	0.00410171	0.001513230	0.000503531	1.50185e-04	4.00015e-05	1.19505e-05	#_75        
   76	1	1	0	0	1000	0.006486640	0.01712080	0.00704804	0.01305110	0.04024650	0.0628187	0.1110220	0.2157510	0.323405	0.447852	0.610988	0.742462	0.792174	0.785655	0.795338	0.855535	0.912856	0.906869	0.802430	0.621586	0.421637	0.2529170	0.1362490	0.0670634	0.0305809	0.01299550	0.00513075	0.001865100	0.000617690	1.84673e-04	4.95062e-05	1.49400e-05	#_76        
   77	1	1	0	0	1000	0.003736130	0.00995284	0.00641212	0.02734910	0.08119420	0.0971924	0.0947360	0.1573140	0.260255	0.401801	0.577888	0.741028	0.864236	0.921285	0.903070	0.850576	0.806806	0.779057	0.722578	0.609519	0.455156	0.2986430	0.1727270	0.0888588	0.0411382	0.01733320	0.00669741	0.002377930	0.000773198	2.28727e-04	6.11065e-05	1.84998e-05	#_77        
   78	1	1	0	0	1000	0.001908720	0.00509249	0.00347997	0.01586800	0.04982850	0.0800709	0.1441990	0.2617670	0.328906	0.366444	0.478235	0.651621	0.822818	0.938292	0.967830	0.917722	0.825493	0.741812	0.664424	0.570510	0.450246	0.3176790	0.1979370	0.1086940	0.0528170	0.02287520	0.00890226	0.003134740	0.001002850	2.91595e-04	7.68490e-05	2.30637e-05	#_78        
   79	1	1	0	0	1000	0.005518920	0.01455340	0.00565651	0.00822938	0.02571700	0.0438189	0.0894968	0.1916330	0.321409	0.471441	0.606249	0.684135	0.759614	0.864162	0.941543	0.938431	0.859814	0.758923	0.656253	0.551217	0.438485	0.3207040	0.2107670	0.1228430	0.0631793	0.02868680	0.01154220	0.004137070	0.001328130	3.83528e-04	9.98487e-05	2.95069e-05	#_79        
   80	1	1	0	0	1000	0.016152600	0.04259290	0.01650770	0.02335820	0.06784790	0.0782851	0.0668009	0.1081990	0.199123	0.348812	0.550287	0.740702	0.866590	0.920190	0.931997	0.917040	0.860980	0.776103	0.671461	0.556874	0.439081	0.3234590	0.2180880	0.1322460	0.0712864	0.03395450	0.01426690	0.005294780	0.001740830	5.08946e-04	1.32788e-04	3.89458e-05	#_80        
   81	1	1	0	0	1000	0.004942530	0.01330170	0.01194850	0.06542170	0.19331000	0.2209920	0.1724890	0.2155240	0.252226	0.269644	0.368515	0.554635	0.761942	0.913730	0.966695	0.932886	0.851186	0.762065	0.664124	0.553749	0.436501	0.3217670	0.2188990	0.1354640	0.0752835	0.03721790	0.01627240	0.006275340	0.002133940	6.40698e-04	1.70228e-04	5.04199e-05	#_81        
   82	1	1	0	0	1000	0.012007500	0.03167090	0.01249390	0.01969500	0.06455340	0.1294150	0.2951910	0.5465050	0.624161	0.534738	0.483311	0.495883	0.567887	0.696929	0.813743	0.849816	0.799933	0.714711	0.617489	0.513642	0.405880	0.3003320	0.2054880	0.1285150	0.0726827	0.03682360	0.01658910	0.006611710	0.002324460	7.20020e-04	1.96546e-04	5.96734e-05	#_82        
   83	1	1	0	0	1000	0.001837650	0.00503448	0.00672394	0.04361800	0.12935600	0.1515550	0.1413440	0.2569010	0.496365	0.796978	0.979251	0.913280	0.746032	0.652884	0.649709	0.673855	0.667370	0.623460	0.549439	0.458514	0.362002	0.2681790	0.1842610	0.1160770	0.0663735	0.03415480	0.01570340	0.006414010	0.002317510	7.38677e-04	2.07378e-04	6.49738e-05	#_83        
   84	1	1	0	0	1000	0.005961110	0.01571120	0.00590458	0.00734333	0.02618210	0.0679212	0.1867070	0.3640780	0.459630	0.533596	0.747653	1.016460	1.129960	1.019230	0.813403	0.657354	0.574602	0.528160	0.476657	0.407081	0.325288	0.2421080	0.1668470	0.1055860	0.0608146	0.03162110	0.01474030	0.006125360	0.002258810	7.36624e-04	2.11907e-04	6.84803e-05	#_84        
   85	1	1	0	0	1000	0.009275690	0.02450360	0.01062070	0.02304350	0.06733770	0.0768688	0.0670633	0.1339230	0.305962	0.559068	0.783579	0.919573	1.037050	1.122970	1.071050	0.882388	0.671695	0.528565	0.440774	0.371066	0.299605	0.2257450	0.1568560	0.0998188	0.0578099	0.03027250	0.01424530	0.005991280	0.002241980	7.43746e-04	2.18100e-04	7.23750e-05	#_85        
   86	1	1	0	0	1000	0.007884560	0.02090770	0.01106090	0.03685030	0.10969800	0.1349620	0.1388060	0.2060230	0.254219	0.312440	0.500772	0.786334	1.026600	1.136120	1.124530	1.013200	0.826841	0.636389	0.483407	0.372907	0.288417	0.2154180	0.1504670	0.0964947	0.0562708	0.02965610	0.01405410	0.005961530	0.002254230	7.57171e-04	2.25254e-04	7.63374e-05	#_86        
   87	1	1	0	0	1000	0.006719720	0.01781740	0.00939201	0.03125040	0.09524660	0.1342020	0.1949820	0.3368100	0.422295	0.441824	0.489454	0.584192	0.749492	0.950305	1.069700	1.041090	0.897355	0.720636	0.550708	0.407430	0.296244	0.2111050	0.1442830	0.0921566	0.0539484	0.02860700	0.01364610	0.005828870	0.002221380	7.52951e-04	2.26381e-04	7.79557e-05	#_87        
   88	1	1	0	0	1000	0.003584350	0.00954657	0.00610635	0.02599460	0.07940860	0.1122490	0.1675380	0.3116920	0.458991	0.593375	0.709915	0.745948	0.745816	0.787851	0.864684	0.905823	0.855466	0.736743	0.586623	0.438523	0.312404	0.2140370	0.1407600	0.0876804	0.0507850	0.02690150	0.01288010	0.005532650	0.002122110	7.24440e-04	2.19551e-04	7.65149e-05	#_88        
   89	1	1	0	0	1000	0.002948910	0.00782013	0.00415111	0.01403760	0.04396720	0.0709945	0.1321780	0.2620920	0.398712	0.554809	0.746120	0.891075	0.941943	0.913922	0.856443	0.808032	0.756627	0.685075	0.579775	0.452976	0.328375	0.2231390	0.1431280	0.0865993	0.0490071	0.02560970	0.01220020	0.005243960	0.002018970	6.92925e-04	2.11315e-04	7.43286e-05	#_89        
   90	1	1	0	0	1000	0.002587890	0.00686100	0.00359612	0.01185970	0.03620060	0.0517810	0.0810813	0.1650540	0.287367	0.460870	0.676860	0.874235	1.014590	1.064360	1.010260	0.891942	0.763954	0.660119	0.562639	0.455343	0.342064	0.2371490	0.1521880	0.0907551	0.0502925	0.02576860	0.01210430	0.005163610	0.001983740	6.81877e-04	2.08732e-04	7.39278e-05	#_90        
   91	1	1	0	0	1000	0.006781890	0.01788820	0.00706160	0.01097890	0.03305140	0.0465752	0.0694035	0.1318000	0.209637	0.324983	0.512665	0.744543	0.964094	1.106690	1.129220	1.036630	0.878043	0.724052	0.591298	0.472084	0.359052	0.2544140	0.1660150	0.0994605	0.0547261	0.02764530	0.01278330	0.005381790	0.002049360	7.01345e-04	2.14529e-04	7.62063e-05	#_91        
   92	1	1	0	0	1000	0.003099320	0.00828475	0.00604613	0.02881350	0.08523620	0.0989745	0.0845054	0.1236710	0.185544	0.268899	0.401115	0.578723	0.792846	1.000410	1.125460	1.118470	0.995734	0.832611	0.668996	0.520346	0.389440	0.2759390	0.1818850	0.1101590	0.0609215	0.03069000	0.01406470	0.005851610	0.002202770	7.47003e-04	2.27150e-04	8.04739e-05	#_92        
   93	1	1	0	0	1000	0.004714300	0.01246070	0.00558169	0.01348000	0.04288700	0.0749054	0.1492030	0.2721920	0.323880	0.318337	0.367946	0.482993	0.641459	0.824108	0.984268	1.059850	1.019040	0.901624	0.745110	0.581016	0.429983	0.3011970	0.1977120	0.1200990	0.0667930	0.03377250	0.01546530	0.006399810	0.002388860	8.02507e-04	2.41939e-04	8.50530e-05	#_93        
   94	1	1	0	0	1000	0.005865410	0.01551820	0.00732302	0.01976410	0.05897120	0.0751925	0.0913151	0.1758540	0.311288	0.473389	0.593675	0.618595	0.629684	0.705512	0.822838	0.916071	0.934696	0.882407	0.769908	0.621444	0.466376	0.3266220	0.2132460	0.1290220	0.0717324	0.03634530	0.01667600	0.006899290	0.002567040	8.57354e-04	2.56585e-04	8.93584e-05	#_94        
   95	1	1	0	0	1000	0.031667400	0.08340650	0.02986520	0.02477480	0.07217830	0.0942665	0.1163580	0.1957720	0.271111	0.360346	0.522399	0.701348	0.805087	0.816049	0.798874	0.803632	0.810663	0.793463	0.728232	0.616246	0.478839	0.3419980	0.2248820	0.1360690	0.0755021	0.03821270	0.01753660	0.007259870	0.002700570	9.00203e-04	2.68380e-04	9.28111e-05	#_95        
   96	1	1	0	0	1000	0.004047090	0.01119610	0.01758970	0.11935700	0.35051000	0.3810010	0.2304140	0.2361150	0.305772	0.371626	0.468409	0.582216	0.703501	0.800358	0.824435	0.782157	0.720276	0.673310	0.621810	0.543704	0.438752	0.3234370	0.2172550	0.1329500	0.0740813	0.03751270	0.01720540	0.007119490	0.002647640	8.82028e-04	2.62558e-04	9.04307e-05	#_96        
   97	1	1	0	0	1000	0.006975430	0.01841200	0.00762516	0.01507250	0.05670420	0.1615880	0.4606280	0.8626910	0.922091	0.677956	0.536979	0.543875	0.592809	0.646375	0.680136	0.670744	0.618595	0.556599	0.495335	0.429215	0.351895	0.2664210	0.1837370	0.1147660	0.0648014	0.03304580	0.01520090	0.006294900	0.002340940	7.79672e-04	2.31994e-04	7.97992e-05	#_97        
   98	1	1	0	0	1000	0.005220440	0.01383950	0.00722664	0.02356490	0.06999980	0.0867306	0.1076430	0.2667530	0.628464	1.103370	1.344200	1.160930	0.837304	0.649389	0.585326	0.552792	0.509464	0.459191	0.403527	0.343407	0.279312	0.2129770	0.1494460	0.0952611	0.0547688	0.02830830	0.01313440	0.005464680	0.002036340	6.78577e-04	2.01860e-04	6.93586e-05	#_98        
   99	1	1	0	0	1000	0.002125620	0.00567790	0.00404549	0.01901820	0.05804250	0.0811026	0.1165140	0.2076610	0.306637	0.490199	0.871199	1.301550	1.464440	1.255360	0.898760	0.630629	0.486825	0.411845	0.355562	0.299826	0.241869	0.1837940	0.1295620	0.0835523	0.0487693	0.02558940	0.01202340	0.005048760	0.001892530	6.32712e-04	1.88475e-04	6.47546e-05	#_99        
  100	1	1	0	0	1000	0.004422220	0.01167040	0.00476537	0.00860027	0.02715690	0.0471791	0.0962008	0.1929440	0.288698	0.398867	0.574692	0.834926	1.160250	1.392180	1.344590	1.050090	0.716432	0.492357	0.367884	0.291254	0.229842	0.1733130	0.1220070	0.0789922	0.0465047	0.02468300	0.01174070	0.004985970	0.001886260	6.34887e-04	1.89966e-04	6.54520e-05	#_100       
-9999	0	0	0	0	   0	0.000000000	0.00000000	0.00000000	0.00000000	0.00000000	0.0000000	0.0000000	0.0000000	0.000000	0.000000	0.000000	0.000000	0.000000	0.000000	0.000000	0.000000	0.000000	0.000000	0.000000	0.000000	0.000000	0.0000000	0.0000000	0.0000000	0.0000000	0.00000000	0.00000000	0.000000000	0.000000000	0.00000e+00	0.00000e+00	0.00000e+00	#_terminator
30 #_N_agebins
#
#_agebin_vector
1 2 3 4 5 6 7 8 9 10 11 12 13 14 15 16 17 18 19 20 21 22 23 24 25 26 27 28 29 30 #_agebin_vector
#
#_ageing_error
1 #_N_ageerror_definitions
#_age0	age1	age2	age3	age4	age5	age6	age7	age8	age9	age10	age11	age12	age13	age14	age15	age16	age17	age18	age19	age20	age21	age22	age23	age24	age25	age26	age27	age28	age29	age30
-1.000	-1.000	-1.000	-1.000	-1.000	-1.000	-1.000	-1.000	-1.000	-1.000	-1.000	-1.000	-1.000	-1.000	-1.000	-1.000	-1.000	-1.000	-1.000	-1.000	-1.000	-1.000	-1.000	-1.000	-1.000	-1.000	-1.000	-1.000	-1.000	-1.000	-1.000	#_1
 0.001	 0.001	 0.001	 0.001	 0.001	 0.001	 0.001	 0.001	 0.001	 0.001	 0.001	 0.001	 0.001	 0.001	 0.001	 0.001	 0.001	 0.001	 0.001	 0.001	 0.001	 0.001	 0.001	 0.001	 0.001	 0.001	 0.001	 0.001	 0.001	 0.001	 0.001	#_2
#
#_age_info
#_mintailcomp	addtocomp	combine_M_F	CompressBins	CompError	ParmSelect	minsamplesize
-1	1e-10	0	0	0	0	1	#_Fishery
-1	1e-10	0	0	0	0	1	#_Survey 
3 #_Lbin_method: 1=poplenbins; 2=datalenbins; 3=lengths
 #_combine males into females at or below this bin number
#_Yr	Seas	FltSvy	Gender	Part	Ageerr	Lbin_lo	Lbin_hi	Nsamp	a1	a2	a3	a4	a5	a6	a7	a8	a9	a10	a11	a12	a13	a14	a15	a16	a17	a18	a19	a20	a21	a22	a23	a24	a25	a26	a27	a28	a29	a30
    1	1	1	0	0	1	-1	-1	100	0.023873649	0.016528124	0.13846042	0.27897996	0.02639713	0.03618763	0.09412751	0.04634941	0.037285242	0.02250968	6.88684e-03	6.19229e-02	1.65046e-04	1.65536e-02	8.33534e-02	1.12796e-02	6.02121e-03	2.09183e-02	2.15129e-03	 4.53824e-02	 4.55682e-04	 3.14320e-04	 2.23026e-03	 1.88750e-03	 5.14740e-03	 5.61560e-06	 1.38737e-03	 1.02021e-02	 2.60156e-03	 4.34886e-04	#_1         
    2	1	1	0	0	1	-1	-1	100	0.006607346	0.098018018	0.04288697	0.10435052	0.22531728	0.01147004	0.04673264	0.01171240	0.084534128	0.03742511	3.91880e-02	1.06479e-02	3.51794e-02	2.39676e-02	4.70832e-02	3.45293e-02	1.01357e-02	1.21140e-02	2.13173e-02	 2.50553e-02	 3.76105e-02	 3.41216e-03	 9.95323e-03	 9.43092e-16	 4.60610e-04	 6.74272e-03	 8.67936e-04	 4.55812e-03	 2.68045e-03	 5.44221e-03	#_2         
    3	1	1	0	0	1	-1	-1	100	0.000624135	0.051761011	0.17659003	0.02136706	0.07976621	0.17174116	0.02439791	0.03927225	0.045211048	0.02717787	1.97579e-02	1.21648e-02	3.13885e-02	5.61761e-02	4.12303e-03	3.54572e-02	5.50315e-02	1.10121e-02	9.42440e-03	 4.75027e-02	 2.43545e-02	 1.20239e-02	 3.29174e-03	 7.51934e-11	 1.57618e-03	 5.47129e-03	 1.46563e-02	 4.94210e-04	 1.25099e-11	 1.81849e-02	#_3         
    4	1	1	0	0	1	-1	-1	100	0.009715635	0.005392636	0.13328983	0.25247882	0.03183091	0.10441356	0.16664654	0.01982401	0.049654239	0.02466762	4.31415e-03	3.71004e-02	9.99999e-03	2.82256e-02	1.56590e-02	1.38716e-05	1.11557e-02	4.38502e-02	5.31940e-03	 1.09585e-03	 1.82822e-02	 5.51435e-03	 1.34059e-02	 1.90487e-03	 3.80260e-05	 2.23927e-06	 1.42891e-03	 2.63528e-03	 2.10927e-08	 2.14032e-03	#_4         
    5	1	1	0	0	1	-1	-1	100	0.004485955	0.070914678	0.06274890	0.09987698	0.19479623	0.03267354	0.10237465	0.12792293	0.010669381	0.01466148	5.32881e-02	5.19786e-04	5.11228e-02	4.33391e-03	1.56049e-02	2.43266e-02	6.30426e-04	2.48470e-02	4.48683e-02	 8.26255e-03	 1.41465e-02	 2.10972e-02	 5.46808e-05	 1.08308e-02	 6.65750e-06	 2.43751e-09	 2.46177e-04	 1.21479e-03	 1.17673e-03	 2.29729e-03	#_5         
    6	1	1	0	0	1	-1	-1	100	0.013887945	0.036689334	0.11588788	0.04825100	0.12506438	0.22935961	0.02256161	0.09513474	0.073971717	0.00568182	1.86357e-02	1.90477e-02	1.01781e-02	5.26012e-02	5.07915e-03	1.01424e-02	2.31094e-02	2.26579e-02	1.37966e-02	 7.32973e-03	 1.27436e-03	 1.03175e-03	 6.00507e-03	 6.41584e-03	 2.52564e-02	 1.87998e-04	 6.70860e-04	 6.33170e-03	 1.06455e-06	 3.75706e-03	#_6         
    7	1	1	0	0	1	-1	-1	100	0.008664465	0.043046512	0.06213968	0.14747338	0.06591607	0.11869879	0.20541656	0.05670009	0.046808862	0.05092571	1.48026e-02	1.29804e-03	1.92116e-02	1.88751e-03	1.60908e-02	5.21472e-03	4.70550e-03	7.37658e-03	9.85818e-03	 9.50907e-03	 1.62948e-02	 9.28888e-03	 2.29735e-03	 1.18695e-02	 9.24308e-05	 1.09158e-03	 4.96860e-08	 1.76732e-03	 2.30707e-05	 6.15302e-02	#_7         
    8	1	1	0	0	1	-1	-1	100	0.010343660	0.026033043	0.08017472	0.08208822	0.07255543	0.01648447	0.09176228	0.21938403	0.020068134	0.07373447	1.22924e-01	3.24160e-02	8.61366e-03	1.10529e-02	4.72841e-02	3.84635e-03	1.12367e-04	1.41751e-03	4.14726e-02	 3.87456e-10	 5.27460e-03	 1.82981e-02	 4.13632e-05	 5.44371e-08	 1.03415e-03	 7.63757e-03	 4.05581e-03	 1.78090e-10	 1.47715e-05	 1.87587e-03	#_8         
    9	1	1	0	0	1	-1	-1	100	0.001836033	0.042843695	0.07036133	0.14823540	0.09839947	0.11189724	0.03121496	0.06922598	0.116545895	0.06854329	5.49784e-02	9.52499e-02	2.52572e-03	9.52832e-03	5.31331e-03	1.43770e-02	1.34322e-02	1.30227e-04	1.11796e-02	 5.00783e-04	 7.58392e-04	 1.04312e-02	 1.44698e-02	 7.63477e-04	 3.63735e-04	 1.91303e-03	 2.53725e-03	 1.87844e-04	 1.92506e-06	 2.25457e-03	#_9         
   10	1	1	0	0	1	-1	-1	100	0.009657399	0.019399802	0.05413097	0.11340597	0.11955827	0.11521080	0.08638965	0.05359424	0.141906912	0.13409486	2.39767e-02	3.66854e-02	3.32302e-02	8.43753e-04	2.60869e-03	7.15727e-03	1.03321e-04	8.56792e-04	1.90559e-05	 1.82918e-03	 3.38908e-03	 2.45942e-05	 1.02403e-03	 3.98927e-03	 1.49406e-09	 3.39270e-04	 4.06675e-03	 3.00205e-04	 7.08447e-03	 2.51231e-02	#_10        
   11	1	1	0	0	1	-1	-1	100	0.001872410	0.005363035	0.10113972	0.11534060	0.17329937	0.09510783	0.11255344	0.09093135	0.025530963	0.03613745	7.12984e-02	1.14092e-02	1.94818e-02	4.05227e-02	3.01068e-03	2.30337e-02	4.25336e-03	1.06900e-02	5.27385e-03	 1.72224e-03	 4.21646e-03	 1.15749e-02	 2.53325e-04	 1.55236e-03	 1.26762e-02	 6.00006e-03	 2.30661e-07	 2.47401e-03	 8.33121e-09	 1.32802e-02	#_11        
   12	1	1	0	0	1	-1	-1	100	0.003332801	0.012320642	0.02767003	0.04815381	0.09833047	0.10962967	0.11312706	0.09107662	0.060299599	0.07903974	5.71372e-02	1.13346e-01	3.88009e-03	5.91567e-02	3.26533e-02	4.71713e-05	5.33505e-03	8.51303e-03	3.34226e-03	 1.02501e-02	 3.64440e-04	 3.39044e-05	 1.75273e-02	 4.66651e-03	 1.69446e-02	 1.64171e-02	 3.08716e-08	 6.12158e-04	 2.01029e-05	 6.77231e-03	#_12        
   13	1	1	0	0	1	-1	-1	100	0.019123013	0.011973269	0.02854024	0.02438090	0.09637821	0.09405311	0.13965955	0.13866402	0.111945851	0.06623003	1.44742e-02	3.45179e-02	9.89369e-02	1.70145e-02	8.23779e-03	4.80299e-02	8.42902e-04	1.30770e-02	1.01371e-03	 2.11615e-04	 2.79290e-03	 6.58282e-03	 1.36339e-03	 1.55544e-02	 3.98966e-08	 6.08684e-05	 3.29929e-03	 1.19525e-07	 2.15478e-07	 3.04132e-03	#_13        
   14	1	1	0	0	1	-1	-1	100	0.015346042	0.031582776	0.07716277	0.05572557	0.04045414	0.07027422	0.17282947	0.06634504	0.066187397	0.06728447	9.76840e-02	2.04174e-02	1.48768e-02	7.79645e-02	2.24318e-02	6.07915e-03	1.19282e-02	1.18151e-03	2.70330e-03	 1.36966e-02	 1.46701e-03	 2.91984e-03	 5.29666e-09	 1.23027e-05	 2.39720e-02	 1.24525e-09	 2.03255e-02	 1.63544e-02	 1.15954e-03	 1.63408e-03	#_14        
   15	1	1	0	0	1	-1	-1	100	0.047297087	0.000419261	0.01291489	0.03771299	0.02999949	0.08567428	0.06119147	0.06882007	0.106818606	0.10663150	1.57774e-01	7.04717e-02	3.43547e-02	2.46915e-02	5.66017e-02	7.86037e-03	1.07525e-02	3.24062e-02	1.05148e-03	 2.44338e-02	 2.88294e-06	 1.45446e-03	 1.11353e-03	 1.93896e-04	 4.08628e-03	 4.08944e-03	 9.71999e-10	 7.56845e-03	 3.08364e-03	 5.29468e-04	#_15        
   16	1	1	0	0	1	-1	-1	100	0.033396996	0.134854556	0.01058872	0.10029238	0.04782774	0.03090128	0.07913939	0.03736330	0.049670541	0.08884579	7.13196e-02	4.81916e-02	3.19486e-02	9.30445e-03	3.95279e-02	9.91440e-02	5.07879e-03	9.19233e-03	1.46384e-02	 2.03603e-02	 1.07788e-03	 4.56062e-04	 1.51656e-03	 1.13890e-02	 1.76916e-05	 1.93904e-03	 1.81095e-03	 8.81074e-29	 3.77115e-03	 1.64349e-02	#_16        
   17	1	1	0	0	1	-1	-1	100	0.001978069	0.036530527	0.37290771	0.03064989	0.05782258	0.03430621	0.04411944	0.04870161	0.049459230	0.05334720	4.31021e-02	4.73409e-02	5.03964e-02	3.40598e-02	8.24192e-03	1.55462e-02	3.13264e-02	3.62768e-03	6.36660e-03	 9.30855e-04	 1.53478e-05	 3.28827e-03	 4.98403e-06	 3.31218e-03	 1.82738e-05	 4.66716e-04	 1.20892e-04	 1.31082e-02	 2.54367e-05	 8.87832e-03	#_17        
   18	1	1	0	0	1	-1	-1	100	0.011981121	0.018385144	0.10283090	0.35820985	0.02337653	0.06452543	0.04088565	0.01977387	0.011667292	0.03710705	4.95766e-02	3.77038e-02	5.72949e-02	8.26340e-02	2.98472e-02	5.22630e-03	9.93174e-03	1.80042e-02	3.15302e-03	 9.09044e-04	 1.51691e-03	 2.29384e-03	 2.05663e-04	 2.34608e-03	 1.09601e-07	 2.34910e-03	 1.71395e-06	 1.34327e-09	 5.52185e-04	 7.71071e-03	#_18        
   19	1	1	0	0	1	-1	-1	100	0.000207325	0.012166888	0.01055880	0.11263138	0.43952492	0.01499083	0.04926960	0.02473381	0.018594526	0.03637315	3.37696e-02	2.04234e-02	2.05607e-02	3.35509e-02	3.51440e-02	2.22746e-02	7.14930e-05	2.04102e-02	2.75397e-02	 2.80438e-03	 9.59431e-04	 1.43025e-02	 1.11720e-03	 3.75065e-05	 3.97416e-05	 2.17301e-04	 1.98024e-06	 5.16544e-14	 3.47824e-10	 4.77242e-02	#_19        
   20	1	1	0	0	1	-1	-1	100	0.008318548	0.015461176	0.02157720	0.01139271	0.18151924	0.41728612	0.01768347	0.02281542	0.015436164	0.02255324	2.97361e-02	1.90942e-02	3.53461e-02	1.41923e-02	3.73274e-02	4.31076e-02	2.65601e-02	3.56388e-03	9.41960e-03	 3.25270e-02	 5.55439e-05	 5.33272e-04	 2.85190e-04	 3.73101e-06	 4.71419e-05	 3.39059e-05	 2.75317e-03	 8.41718e-16	 1.23989e-15	 1.13706e-02	#_20        
   21	1	1	0	0	1	-1	-1	100	0.000686995	0.030220450	0.03506100	0.03789255	0.06480959	0.16167357	0.40073750	0.03281407	0.048227552	0.02771076	4.76655e-03	2.50392e-02	7.67465e-03	2.20910e-02	1.57313e-02	1.14564e-02	4.14062e-02	2.29905e-02	1.97501e-04	 1.43290e-03	 3.84715e-03	 2.32346e-06	 4.93319e-04	 3.86557e-04	 3.60147e-05	 1.99465e-04	 7.77063e-07	 5.11190e-08	 1.41268e-06	 2.41270e-03	#_21        
   22	1	1	0	0	1	-1	-1	100	0.015140580	0.026172710	0.10298237	0.06001562	0.05742889	0.01641132	0.15277493	0.28360620	0.014551298	0.05144258	4.75724e-02	3.98365e-03	6.06169e-03	3.59128e-02	1.85417e-02	1.92243e-02	1.41460e-02	1.52379e-02	1.20135e-02	 3.73690e-03	 1.95816e-02	 4.57273e-03	 7.88772e-07	 2.74686e-03	 2.14561e-04	 1.91097e-06	 5.88678e-03	 1.05321e-03	 1.69534e-10	 8.98416e-03	#_22        
   23	1	1	0	0	1	-1	-1	100	0.009351435	0.051876565	0.03116602	0.19591961	0.06135018	0.04135668	0.02137598	0.10494415	0.221455943	0.00436810	3.61507e-02	2.94961e-03	2.16310e-03	3.10118e-02	4.28327e-02	1.19694e-02	1.41780e-02	3.26318e-02	2.69488e-02	 3.57500e-03	 5.04122e-04	 1.02271e-02	 1.13892e-02	 4.03561e-03	 7.55748e-03	 1.69551e-02	 3.19592e-07	 1.45922e-07	 1.72177e-03	 3.36479e-05	#_23        
   24	1	1	0	0	1	-1	-1	100	0.042308883	0.029059581	0.08301678	0.09335741	0.18297892	0.02812688	0.04994236	0.01242103	0.104179461	0.18840718	1.65300e-03	3.62419e-02	4.83099e-03	1.60104e-02	1.21253e-02	2.32161e-02	1.67411e-02	1.30516e-02	4.58592e-03	 2.69579e-03	 1.42235e-03	 4.89819e-03	 3.15628e-02	 1.51162e-03	 8.88202e-11	 1.32188e-02	 7.16205e-07	 1.23595e-09	 5.28944e-04	 1.90599e-03	#_24        
   25	1	1	0	0	1	-1	-1	100	0.048995769	0.033647237	0.04931020	0.16389101	0.05156352	0.08669991	0.03910528	0.04300810	0.014731709	0.05883894	1.79543e-01	1.09615e-02	2.39624e-02	6.85677e-03	2.20697e-02	8.84429e-03	1.77360e-02	4.32848e-03	1.49783e-02	 4.83181e-02	 2.10530e-02	 1.03414e-02	 1.05845e-02	 1.04440e-02	 5.24703e-03	 4.26809e-12	 8.97427e-04	 3.73279e-03	 3.28091e-09	 1.03101e-02	#_25        
   26	1	1	0	0	1	-1	-1	100	0.016480163	0.087618406	0.06927135	0.09705051	0.08626728	0.11927672	0.11725695	0.01082251	0.027189335	0.02157233	7.51952e-02	1.48001e-01	2.50763e-03	2.65686e-03	3.23198e-03	1.81981e-02	4.65284e-04	2.94775e-02	1.08508e-02	 2.24449e-02	 3.02536e-04	 2.15868e-02	 2.88756e-03	 3.75169e-04	 3.16869e-03	 3.42046e-04	 5.25938e-08	 1.05214e-04	 5.39348e-10	 5.39665e-03	#_26        
   27	1	1	0	0	1	-1	-1	100	0.033050348	0.023210410	0.20917492	0.13216680	0.05057304	0.04665235	0.02644907	0.07952732	0.030013832	0.01804612	1.45999e-02	9.29256e-02	1.52571e-01	6.79895e-03	2.10688e-03	2.44987e-03	1.20802e-03	7.04863e-03	1.37321e-03	 1.15560e-02	 2.07296e-02	 2.73981e-03	 2.59081e-04	 6.68739e-03	 5.90321e-11	 1.75068e-02	 9.18246e-03	 1.57109e-04	 2.10205e-06	 1.23320e-03	#_27        
   28	1	1	0	0	1	-1	-1	100	0.015024976	0.044972193	0.06384753	0.23244090	0.04759765	0.05669344	0.10029376	0.02468646	0.058649720	0.03639266	6.25246e-02	8.64375e-05	3.94917e-02	1.06244e-01	1.53636e-02	2.08517e-02	2.12152e-02	1.38154e-02	3.04995e-03	 8.93708e-05	 5.45663e-03	 1.22127e-02	 1.42524e-03	 1.09707e-02	 3.91958e-07	 5.64119e-04	 4.16896e-04	 3.35737e-03	 4.02231e-09	 2.26443e-03	#_28        
   29	1	1	0	0	1	-1	-1	100	0.021178840	0.004313514	0.16444781	0.06123609	0.17623232	0.02155700	0.05398371	0.04697335	0.054842256	0.12350592	7.62533e-03	1.84694e-02	1.18841e-02	6.51106e-02	6.44726e-02	1.49111e-02	1.55791e-02	6.38501e-03	9.48955e-03	 3.73830e-04	 1.60136e-05	 3.90221e-02	 6.15927e-03	 2.37328e-03	 1.42878e-05	 9.60053e-04	 3.77404e-05	 3.75878e-03	 1.84013e-04	 4.90293e-03	#_29        
   30	1	1	0	0	1	-1	-1	100	0.008487189	0.069949531	0.00527686	0.29779885	0.03735312	0.15876810	0.01887063	0.05404560	0.045966323	0.00750769	7.76206e-02	8.59489e-03	1.13442e-02	3.52656e-02	8.06338e-02	3.20280e-02	8.73685e-04	5.04216e-03	1.42235e-03	 3.81396e-04	 8.38070e-04	 2.24599e-03	 1.28508e-02	 1.52926e-04	 4.98648e-03	 4.71285e-03	 1.18861e-02	 4.13026e-05	 1.94131e-05	 5.03549e-03	#_30        
   31	1	1	0	0	1	-1	-1	100	0.011692127	0.020602322	0.15438810	0.01224548	0.20669862	0.05651378	0.22359262	0.03232441	0.039884125	0.03051090	1.67599e-02	3.38554e-02	1.36967e-02	8.48132e-03	3.19360e-04	4.01243e-02	5.87443e-02	1.86563e-03	2.94282e-03	 2.25332e-03	 1.10256e-02	 2.30003e-03	 1.56935e-04	 5.77041e-05	 1.09081e-02	 1.17769e-03	 4.75530e-04	 6.36510e-03	 1.86787e-09	 3.79046e-05	#_31        
   32	1	1	0	0	1	-1	-1	100	0.013083318	0.097229754	0.05604376	0.12775655	0.03786512	0.17870808	0.07401969	0.13679876	0.020130072	0.04925453	2.99196e-02	1.00190e-02	5.09554e-02	4.22560e-03	1.00644e-02	1.05077e-02	3.48209e-02	4.54623e-02	3.41422e-04	 1.98170e-04	 9.26149e-04	 5.61495e-03	 6.14159e-04	 3.32976e-04	 6.96546e-05	 6.93037e-05	 3.00752e-04	 1.22201e-05	 2.38912e-03	 2.26669e-03	#_32        
   33	1	1	0	0	1	-1	-1	100	0.004441546	0.026211725	0.05190225	0.09044224	0.15369402	0.02566925	0.23448806	0.07087024	0.139229348	0.03777487	6.22525e-03	1.40848e-02	1.02262e-02	3.71368e-02	8.94426e-04	3.63600e-03	8.78465e-04	3.36578e-02	4.28832e-02	 1.36717e-03	 1.62283e-05	 8.16745e-04	 2.00755e-03	 9.05077e-04	 9.08000e-05	 1.08015e-03	 1.02614e-03	 1.77352e-04	 1.88957e-07	 8.16606e-03	#_33        
   34	1	1	0	0	1	-1	-1	100	0.011452102	0.009510812	0.10202411	0.10287285	0.10419770	0.12766677	0.01417136	0.22450206	0.021382207	0.07816684	1.90158e-02	1.90482e-02	5.54084e-02	1.15120e-02	4.55335e-02	2.10640e-03	3.02830e-06	2.99300e-04	3.94658e-03	 1.84749e-02	 1.67096e-04	 9.35904e-03	 1.53360e-04	 2.39391e-06	 5.73799e-06	 4.87883e-05	 5.34291e-06	 7.71286e-08	 9.62033e-05	 1.88670e-02	#_34        
   35	1	1	0	0	1	-1	-1	100	0.006151236	0.057386971	0.02476944	0.10444208	0.10095888	0.10584909	0.21229384	0.00648264	0.113733022	0.04013902	9.72287e-02	3.66432e-02	2.07816e-03	2.56232e-02	1.56565e-03	2.64681e-02	4.61964e-05	3.19283e-04	9.86523e-03	 2.94111e-03	 2.03046e-02	 9.41888e-09	 5.34832e-04	 2.55720e-04	 7.39382e-04	 7.22262e-05	 1.10908e-05	 3.69625e-06	 8.20552e-09	 3.09331e-03	#_35        
   36	1	1	0	0	1	-1	-1	100	0.007643670	0.040225759	0.03139044	0.07935456	0.12063650	0.10783804	0.15505867	0.07054742	0.004610837	0.16271471	1.76968e-02	1.08004e-01	1.17703e-02	1.42437e-02	8.17624e-03	1.38240e-02	2.08802e-02	5.36607e-05	2.92515e-05	 5.95529e-07	 2.51936e-03	 2.92185e-03	 7.58987e-06	 1.27163e-06	 2.04738e-10	 5.25202e-05	 1.35577e-04	 6.07305e-04	 1.32213e-02	 5.83378e-03	#_36        
   37	1	1	0	0	1	-1	-1	100	0.025571139	0.040578589	0.02182760	0.08716954	0.08863255	0.17672321	0.11090619	0.04660347	0.071995481	0.03297613	8.61894e-02	2.44207e-02	4.28224e-02	1.21827e-02	2.67332e-03	7.84701e-03	2.15877e-02	4.99372e-02	1.09647e-03	 2.03784e-03	 1.71362e-03	 1.53325e-02	 2.26659e-02	 1.11425e-17	 6.08948e-07	 3.37860e-04	 2.24856e-03	 2.72947e-07	 8.84994e-10	 3.92207e-03	#_37        
   38	1	1	0	0	1	-1	-1	100	0.011331122	0.064353688	0.04001204	0.04216525	0.08848662	0.08098858	0.16241704	0.10737281	0.098107145	0.12627123	7.08168e-04	4.17508e-02	3.49937e-02	2.69092e-02	9.81264e-03	8.71906e-03	2.27043e-03	1.04557e-02	9.20903e-03	 8.00355e-03	 1.57918e-06	 1.58085e-06	 5.90670e-04	 1.34924e-02	 3.33735e-05	 1.13459e-05	 3.34996e-03	 2.96437e-08	 6.36826e-15	 8.18123e-03	#_38        
   39	1	1	0	0	1	-1	-1	100	0.039828207	0.058615910	0.14432132	0.05678783	0.06087786	0.11521781	0.05425296	0.05206864	0.080663684	0.08035449	4.99650e-02	6.75044e-03	6.22119e-02	1.19023e-02	3.36016e-02	1.38555e-03	2.37480e-02	2.34627e-03	1.03401e-02	 7.86293e-04	 2.58628e-02	 1.98812e-03	 2.55749e-13	 5.78769e-03	 7.31022e-03	 1.01630e-04	 1.11705e-04	 2.95383e-07	 1.37651e-17	 1.28115e-02	#_39        
   40	1	1	0	0	1	-1	-1	100	0.043449013	0.081366189	0.14048979	0.16352885	0.06700526	0.02534601	0.08803298	0.03660998	0.041918143	0.05000042	2.87006e-02	4.75222e-02	4.84810e-03	3.13215e-02	5.75526e-02	4.76099e-02	2.76898e-03	1.74987e-02	1.99784e-03	 1.12062e-03	 4.16503e-03	 8.96341e-04	 5.01083e-07	 1.96818e-08	 1.03962e-04	 1.27647e-02	 1.10657e-05	 4.65636e-05	 2.05076e-16	 3.32401e-03	#_40        
   41	1	1	0	0	1	-1	-1	100	0.071578286	0.090584411	0.06897294	0.14006643	0.21703337	0.09424200	0.06276792	0.07343744	0.035539136	0.03959489	3.04410e-02	1.08135e-02	8.82599e-03	1.09331e-03	2.45449e-02	1.13140e-03	5.03744e-03	5.39153e-06	1.10595e-03	 4.75232e-03	 1.45097e-04	 4.04502e-03	 1.36443e-04	 1.68521e-05	 2.48562e-10	 5.18675e-03	 1.98219e-03	 4.39933e-03	 1.34260e-08	 2.52023e-03	#_41        
   42	1	1	0	0	1	-1	-1	100	0.000749942	0.242890308	0.17580945	0.11865211	0.08776925	0.08031623	0.01699114	0.03707580	0.045006581	0.01549655	1.78245e-02	3.16832e-02	3.37549e-03	2.00301e-02	8.15161e-06	2.03472e-02	1.36479e-03	1.93035e-03	3.32254e-02	 3.67391e-03	 1.94909e-02	 3.95113e-08	 3.34140e-03	 6.94934e-05	 1.68091e-04	 9.67756e-32	 7.25687e-05	 2.40716e-04	1.01408e-111	 2.23962e-02	#_42        
   43	1	1	0	0	1	-1	-1	100	0.004151768	0.042741926	0.40696185	0.16610956	0.10008622	0.10766963	0.05582058	0.00844677	0.003195313	0.01394528	1.55548e-03	9.03688e-03	1.31621e-03	6.12593e-03	1.94387e-02	1.85901e-05	3.05414e-02	6.00113e-06	5.11299e-03	 1.02468e-02	 2.66319e-03	 1.20301e-06	 2.53880e-06	 1.73626e-10	 3.46101e-31	 9.34176e-20	 2.21374e-05	 1.45979e-04	 4.51575e-03	 1.21300e-04	#_43        
   44	1	1	0	0	1	-1	-1	100	0.008512509	0.003019672	0.07149642	0.45091202	0.16217448	0.10249731	0.07478602	0.01810044	0.002365666	0.00132224	2.81302e-02	1.73311e-03	1.85969e-02	2.98215e-03	1.09624e-02	2.90570e-03	3.13804e-07	7.25717e-03	1.96719e-03	 1.81548e-02	 5.09344e-06	 2.29573e-03	 2.58659e-08	 6.36772e-05	 8.01066e-07	 1.62120e-37	 3.65818e-03	 5.87858e-17	 1.46667e-07	 6.09964e-03	#_44        
   45	1	1	0	0	1	-1	-1	100	0.002531378	0.083186244	0.00515660	0.09052753	0.42112430	0.14754166	0.06932823	0.05218210	0.056284993	0.02036365	4.82639e-03	9.02435e-03	1.49935e-02	8.84771e-03	2.96873e-04	1.19765e-04	7.54768e-07	8.37101e-22	8.69244e-03	 1.70778e-07	 1.93959e-04	 2.67681e-04	 1.12620e-13	 3.51436e-04	 1.31470e-08	 1.22321e-04	 1.98525e-45	 8.40746e-08	 4.88593e-13	 4.03586e-03	#_45        
   46	1	1	0	0	1	-1	-1	100	0.013184043	0.014979470	0.19596212	0.00113173	0.05966598	0.34844188	0.19610702	0.05404991	0.031264851	0.03605524	9.85534e-04	1.30596e-05	8.07762e-04	1.61249e-04	1.99409e-04	2.08192e-03	3.54187e-02	7.12649e-04	9.14595e-14	 1.34852e-03	 6.23918e-06	 5.49285e-03	 1.69285e-10	 3.35861e-10	 4.57075e-16	 1.05646e-03	 1.08247e-04	 3.24267e-35	 5.63787e-28	 7.65176e-04	#_46        
   47	1	1	0	0	1	-1	-1	100	0.065279013	0.054780138	0.03803273	0.22447594	0.00912648	0.03853743	0.29130174	0.12252682	0.046264135	0.04534659	1.69852e-02	2.03995e-03	1.15546e-03	3.58497e-03	3.95055e-03	1.70700e-03	1.84797e-04	1.33332e-04	6.45413e-04	 2.16207e-05	 4.13038e-03	 3.58624e-04	 1.30614e-02	 4.45169e-15	 2.61220e-03	 7.10685e-05	 6.14974e-20	 3.55412e-10	 9.15679e-25	 1.36870e-02	#_47        
   48	1	1	0	0	1	-1	-1	100	0.019327109	0.166244806	0.04564564	0.08302110	0.21680191	0.03627998	0.04055332	0.20455744	0.077914663	0.01638651	2.64863e-02	4.64075e-02	7.60878e-05	1.51452e-04	1.52684e-06	1.10239e-03	1.02722e-02	5.07389e-05	3.35669e-05	 3.02981e-03	 2.10214e-12	 2.15964e-03	 2.55804e-17	 3.49612e-03	 7.34792e-42	 2.24662e-13	 6.10613e-08	 1.60027e-28	 9.93078e-15	 1.38307e-07	#_48        
   49	1	1	0	0	1	-1	-1	100	0.005088576	0.102844901	0.22849587	0.08463018	0.04148754	0.20016259	0.00211154	0.04156242	0.186520259	0.02927426	5.01723e-03	1.53919e-03	1.77156e-02	3.20705e-07	1.81029e-02	1.95180e-02	6.90056e-03	8.82437e-04	1.05443e-05	 1.28887e-04	 6.36661e-08	 9.45121e-08	 7.89148e-03	 7.49785e-07	 8.23618e-09	 1.33116e-08	 2.22269e-09	 3.71360e-21	 4.55008e-18	 1.13824e-04	#_49        
   50	1	1	0	0	1	-1	-1	100	0.031140893	0.031785389	0.12612453	0.26778060	0.06972949	0.04202352	0.16796083	0.01064652	0.017752619	0.18129585	2.67715e-02	1.62175e-03	1.02322e-02	2.99554e-03	1.45538e-06	3.50005e-03	2.12690e-05	1.11771e-03	3.93901e-08	 6.73248e-03	 2.28948e-11	 9.77399e-06	 4.30333e-30	 2.93536e-04	 1.69972e-25	 4.62389e-04	 3.19562e-56	 3.47224e-23	 1.79817e-45	 3.23361e-09	#_50        
   51	1	1	0	0	1	-1	-1	100	0.006591516	0.062886793	0.08429815	0.14062735	0.31984264	0.08233080	0.04680730	0.08518442	0.000329114	0.00159844	9.59173e-02	1.21501e-02	2.73263e-02	3.20456e-03	2.96996e-02	7.53493e-11	7.58413e-06	4.92369e-08	2.00304e-11	 2.77605e-06	 6.92594e-12	 7.40922e-06	 7.97204e-10	 5.67496e-06	 1.18151e-03	 2.17604e-10	 2.42810e-23	 1.09540e-31	 1.53788e-16	 6.51558e-07	#_51        
   52	1	1	0	0	1	-1	-1	100	0.012096583	0.100704463	0.17602701	0.04175502	0.07294486	0.31581074	0.04207880	0.02723538	0.071936220	0.00862144	1.03449e-02	4.71115e-02	3.37142e-02	9.24672e-03	6.24730e-03	1.66018e-03	3.55292e-03	6.60708e-06	7.61726e-03	 7.32131e-06	 2.78583e-08	 1.04304e-06	 8.20762e-11	 9.56345e-15	 2.18070e-27	 1.06506e-02	 9.31913e-39	 1.83904e-06	 8.80293e-96	 6.26925e-04	#_52        
   53	1	1	0	0	1	-1	-1	100	0.031280351	0.082298154	0.15960059	0.14536612	0.07406986	0.09321779	0.20202173	0.04686151	0.029283280	0.06574206	6.29998e-06	3.45691e-03	4.32064e-02	1.75275e-02	9.29978e-04	1.23852e-05	2.12634e-05	1.48827e-11	2.55034e-16	 3.16997e-31	 3.30067e-17	 6.55049e-07	 5.09601e-03	 1.43897e-11	 1.16165e-06	 6.52444e-59	 8.80703e-11	 3.88657e-19	 2.44515e-26	 1.16176e-18	#_53        
   54	1	1	0	0	1	-1	-1	100	0.011161634	0.087389414	0.10065650	0.19810722	0.21396566	0.05030718	0.04579101	0.11101369	0.024469169	0.00472297	8.00059e-02	3.99316e-07	2.81695e-03	4.33805e-02	1.84342e-02	2.87009e-03	1.45008e-03	1.53742e-03	6.11425e-07	 1.90233e-03	 1.11346e-19	 4.17226e-07	 1.66383e-05	 3.43822e-14	 4.10991e-18	 8.15617e-28	 6.39876e-49	 8.19605e-26	 7.19250e-27	 4.17797e-27	#_54        
   55	1	1	0	0	1	-1	-1	100	0.036259667	0.048272976	0.23133956	0.10421329	0.23275052	0.11394661	0.04432604	0.05709518	0.078902454	0.02389373	2.02123e-03	1.08066e-02	3.61796e-03	9.74108e-04	1.12744e-02	2.81815e-04	4.67975e-09	2.04924e-08	2.35019e-05	 2.27353e-25	 2.57127e-19	 3.17835e-37	 2.37260e-34	 8.45689e-23	 3.22669e-07	 6.83745e-21	 1.11584e-24	1.15295e-154	 5.05761e-09	 2.67467e-10	#_55        
   56	1	1	0	0	1	-1	-1	100	0.001536081	0.118474640	0.10140362	0.19468222	0.25103365	0.10162607	0.12839195	0.01134247	0.009139418	0.05016525	1.51527e-02	4.85523e-03	1.47442e-03	3.61699e-12	1.70692e-03	7.26791e-03	5.56271e-05	6.88776e-06	1.20253e-03	 3.60662e-04	 8.49538e-26	 2.84524e-49	 3.74661e-24	 8.35015e-16	 1.21748e-04	 4.85373e-52	 1.80655e-54	2.53095e-179	 0.00000e+00	 1.85509e-21	#_56        
   57	1	1	0	0	1	-1	-1	100	0.042322782	0.091988509	0.27371621	0.10436701	0.19028025	0.10541889	0.04721914	0.03801514	0.004131530	0.02210289	4.21251e-02	2.24071e-03	1.04697e-02	1.42873e-02	6.28189e-17	2.79825e-04	4.49661e-03	6.48359e-03	1.35418e-08	 5.48144e-05	 6.02361e-22	2.71166e-189	2.89127e-210	 2.35539e-16	 3.80629e-19	 2.97721e-90	 5.09613e-94	 6.00364e-10	 5.52081e-42	 2.51767e-65	#_57        
   58	1	1	0	0	1	-1	-1	100	0.076494897	0.093179202	0.07875034	0.24592816	0.16775508	0.18692321	0.05884971	0.01817828	0.030374490	0.02565050	6.24690e-03	8.83895e-03	1.53403e-04	1.51882e-03	1.11154e-03	1.29801e-32	1.12070e-07	2.86721e-05	1.77370e-05	 1.08586e-22	 6.49732e-09	 8.82817e-11	 3.29962e-25	 1.32904e-14	8.07190e-303	 8.50995e-09	 1.25452e-54	 2.04136e-48	 1.10167e-25	 4.41396e-17	#_58        
   59	1	1	0	0	1	-1	-1	100	0.016170625	0.167190354	0.15385838	0.09834633	0.30190703	0.06778014	0.05313114	0.02431090	0.028320378	0.03685034	5.06651e-03	3.49369e-03	5.20270e-03	2.52539e-05	1.56983e-02	6.98167e-03	3.42793e-15	2.11371e-15	1.56657e-02	 3.70384e-07	 1.30158e-24	 1.86348e-41	 1.15746e-07	5.44769e-108	 1.62710e-63	 1.92259e-28	3.49097e-230	 7.06233e-61	 0.00000e+00	 5.87864e-53	#_59        
   60	1	1	0	0	1	-1	-1	100	0.034448146	0.090414904	0.32079349	0.18818620	0.06343690	0.12314056	0.12452032	0.03315595	0.011070849	0.00740222	9.23753e-04	2.18040e-04	8.31288e-05	2.18873e-03	1.29565e-08	2.52401e-14	1.58333e-08	2.51950e-61	3.82873e-08	 1.67423e-05	 2.06834e-40	 9.75956e-35	 4.29687e-18	 1.00849e-09	 0.00000e+00	 1.56613e-23	2.40114e-159	3.29171e-220	 2.50706e-98	 1.13664e-23	#_60        
   61	1	1	0	0	1	-1	-1	100	0.093748213	0.138515430	0.12942983	0.24974027	0.16628111	0.03101125	0.09700989	0.01109533	0.059294050	0.00153956	9.88264e-03	8.36092e-03	7.31298e-06	3.54585e-05	2.48198e-03	4.60313e-05	1.91944e-23	3.70455e-07	1.73230e-83	 9.14157e-04	 6.06200e-04	 1.87971e-09	 1.35909e-36	 8.02822e-80	1.59691e-173	5.85174e-239	 0.00000e+00	 0.00000e+00	 0.00000e+00	 1.96515e-35	#_61        
   62	1	1	0	0	1	-1	-1	100	0.061101724	0.130244577	0.14353350	0.17494275	0.23401469	0.09047270	0.03867429	0.07596786	0.029556199	0.01687072	6.75141e-04	7.30190e-06	3.27064e-04	6.09804e-08	1.66843e-07	1.31568e-03	1.25628e-03	6.95342e-29	1.01462e-03	2.05224e-104	 1.45304e-44	 1.07332e-19	 2.46770e-05	2.26119e-183	 4.44831e-63	2.47737e-249	 0.00000e+00	 0.00000e+00	 0.00000e+00	 9.03461e-13	#_62        
   63	1	1	0	0	1	-1	-1	100	0.031508773	0.099424500	0.24674918	0.07814015	0.11234438	0.22659815	0.06150676	0.05589924	0.044521472	0.01487090	1.31312e-02	1.08639e-02	2.60644e-04	3.64640e-05	1.21295e-04	3.69850e-03	2.44450e-04	8.01103e-05	5.46606e-20	 2.73462e-19	1.82144e-164	 9.43443e-36	 1.00003e-11	 5.41057e-32	1.67121e-275	9.49605e-152	 1.41656e-31	 0.00000e+00	 0.00000e+00	 2.58732e-82	#_63        
   64	1	1	0	0	1	-1	-1	100	0.049169146	0.070659225	0.28053948	0.25625066	0.07863091	0.10630011	0.10951761	0.02156470	0.003258615	0.02294258	7.92257e-04	8.22833e-05	6.49142e-05	1.76896e-04	1.31409e-10	3.61821e-21	2.22240e-06	1.33239e-09	1.30813e-09	 8.19527e-16	 4.81946e-05	 0.00000e+00	7.58240e-198	 9.25124e-52	 5.08426e-17	 1.99346e-07	1.09308e-236	 2.18257e-21	 0.00000e+00	2.02282e-119	#_64        
   65	1	1	0	0	1	-1	-1	100	0.036097580	0.067122851	0.13361338	0.29319508	0.21056313	0.05805004	0.08351292	0.08535420	0.018479421	0.00210807	7.65912e-03	2.26002e-04	2.74584e-04	9.39473e-04	3.24670e-08	2.80407e-03	7.16273e-31	4.83654e-19	3.38583e-08	 2.70331e-24	5.70474e-116	 9.38528e-86	 0.00000e+00	 3.65382e-71	 3.50960e-15	 1.66955e-49	 1.15668e-33	 0.00000e+00	 0.00000e+00	 0.00000e+00	#_65        
   66	1	1	0	0	1	-1	-1	100	0.057893818	0.026762668	0.15204841	0.18058314	0.24777743	0.17652724	0.07276663	0.02044265	0.016684600	0.01207277	3.04296e-02	5.04213e-04	1.42983e-03	3.53857e-03	2.23542e-05	5.08413e-04	1.63086e-22	7.61599e-06	7.57784e-11	 1.76894e-38	 3.21606e-14	 8.76596e-80	 3.31352e-26	3.05988e-240	 0.00000e+00	 2.05008e-71	8.60518e-189	 3.84720e-82	4.17578e-294	 0.00000e+00	#_66        
   67	1	1	0	0	1	-1	-1	100	0.004880464	0.134394522	0.05418417	0.19118723	0.18990127	0.12264202	0.15460011	0.05542401	0.026018624	0.06102125	4.62064e-03	8.71953e-04	1.75789e-05	2.23917e-04	5.53055e-08	1.23249e-12	1.21837e-05	3.96055e-09	7.03525e-36	 2.01936e-19	 4.37061e-11	 1.72878e-82	 0.00000e+00	 3.73640e-29	 0.00000e+00	 0.00000e+00	1.09146e-131	 0.00000e+00	 0.00000e+00	 0.00000e+00	#_67        
   68	1	1	0	0	1	-1	-1	100	0.153580244	0.015667227	0.31175623	0.08734516	0.14264550	0.10748604	0.07418776	0.06128562	0.011744714	0.01935416	6.31437e-03	3.38756e-03	3.22291e-09	2.95662e-03	7.38949e-11	1.08759e-05	1.83790e-03	6.30301e-16	4.40021e-04	 9.07929e-40	 1.26931e-56	 3.74252e-51	 3.56221e-25	4.63157e-266	 3.57192e-28	 0.00000e+00	 0.00000e+00	 3.65092e-28	4.44932e-306	 0.00000e+00	#_68        
   69	1	1	0	0	1	-1	-1	100	0.029286696	0.313735877	0.04365156	0.32878849	0.04859795	0.06959045	0.06226035	0.05093600	0.027451022	0.00301707	1.24755e-02	9.40737e-03	1.28778e-05	5.25907e-04	2.55719e-04	1.57272e-09	7.14592e-06	4.30773e-44	9.75526e-10	 1.94317e-51	 7.81358e-16	 0.00000e+00	4.12505e-175	3.09773e-192	 0.00000e+00	6.47451e-249	 0.00000e+00	 0.00000e+00	 1.41071e-48	 0.00000e+00	#_69        
   70	1	1	0	0	1	-1	-1	100	0.015985323	0.080977159	0.46424025	0.10161933	0.20758729	0.01128423	0.04530274	0.00933509	0.031252870	0.01498539	4.12974e-03	1.31638e-02	1.25923e-04	1.07674e-05	2.00467e-14	3.05033e-14	1.00402e-07	2.69771e-27	1.77212e-09	 3.72544e-36	 4.92139e-34	1.28898e-144	1.52263e-107	3.37464e-250	 3.11968e-65	 0.00000e+00	3.22661e-159	 0.00000e+00	 0.00000e+00	1.17412e-152	#_70        
   71	1	1	0	0	1	-1	-1	100	0.000327416	0.037261011	0.27725039	0.33558776	0.02578849	0.15494840	0.02803663	0.05623098	0.006992927	0.02565827	2.90277e-02	4.20147e-03	1.23365e-05	7.92721e-09	1.86758e-02	3.53336e-07	1.66966e-08	5.42384e-31	8.50795e-08	1.99110e-116	5.09071e-100	3.59184e-227	1.42319e-129	 3.00019e-14	1.88334e-149	 0.00000e+00	 0.00000e+00	 0.00000e+00	 0.00000e+00	 8.39112e-83	#_71        
   72	1	1	0	0	1	-1	-1	100	0.004120005	0.018438888	0.09821313	0.23001169	0.46114601	0.00810435	0.13509117	0.00714986	0.006430211	0.00511420	8.60879e-03	1.49698e-02	5.33065e-06	9.53307e-04	6.67412e-07	1.64253e-03	2.54212e-15	1.36320e-09	1.13595e-15	 2.18467e-09	2.66540e-141	 2.81944e-72	 0.00000e+00	 0.00000e+00	6.11367e-277	 0.00000e+00	2.70202e-168	 0.00000e+00	 0.00000e+00	2.66998e-186	#_72        
   73	1	1	0	0	1	-1	-1	100	0.023704082	0.010080336	0.03040948	0.04283147	0.32303904	0.41703761	0.01165086	0.09385814	0.013019678	0.01147846	1.39238e-02	8.64177e-03	1.33070e-04	1.16388e-06	5.40587e-05	1.36341e-04	5.10950e-11	9.29083e-14	1.94830e-16	 1.87963e-73	 4.87148e-21	 6.15800e-07	1.01576e-108	4.83833e-136	 0.00000e+00	 9.25815e-51	 1.30137e-10	 0.00000e+00	 0.00000e+00	 9.19261e-46	#_73        
   74	1	1	0	0	1	-1	-1	100	0.004057010	0.117837136	0.04464493	0.11559468	0.07613165	0.27482996	0.25717488	0.00712193	0.071237394	0.01146347	4.08487e-03	6.38387e-03	1.78916e-03	2.01340e-03	7.89903e-11	2.33375e-11	4.96660e-03	2.36476e-15	1.12734e-17	 3.98165e-06	 6.65095e-04	 7.76022e-63	 2.73500e-46	5.87227e-283	2.56933e-160	 0.00000e+00	8.54153e-110	 2.26702e-88	 0.00000e+00	 2.57107e-73	#_74        
   75	1	1	0	0	1	-1	-1	100	0.016802275	0.106348979	0.14528743	0.07028986	0.04195279	0.10367928	0.21436950	0.20815240	0.017481537	0.05037341	1.68404e-03	7.71246e-03	4.40485e-03	1.48381e-03	9.30586e-05	4.53259e-03	5.24890e-03	3.20327e-05	6.95040e-05	 1.97152e-09	 1.28088e-06	 3.21377e-10	 4.87582e-53	 0.00000e+00	 2.08769e-85	 1.80989e-50	 0.00000e+00	 0.00000e+00	 0.00000e+00	1.17550e-246	#_75        
   76	1	1	0	0	1	-1	-1	100	0.014037387	0.018998592	0.15088738	0.15676455	0.09392048	0.03655810	0.06383013	0.20471011	0.187323114	0.02221648	5.86996e-03	4.15217e-04	3.58203e-02	2.04699e-03	3.18417e-03	1.00343e-06	1.62430e-09	1.38689e-24	2.49584e-03	 2.65795e-10	 2.22197e-10	 9.20178e-04	 0.00000e+00	 2.05818e-83	1.21601e-122	2.54757e-185	1.71090e-149	 0.00000e+00	 0.00000e+00	1.16565e-138	#_76        
   77	1	1	0	0	1	-1	-1	100	0.008355079	0.025021986	0.08275837	0.12899227	0.17434047	0.06634715	0.01593990	0.06459301	0.146419035	0.16369563	2.42294e-02	5.65120e-02	2.17718e-02	2.00047e-03	4.87878e-03	8.95523e-03	2.51646e-03	8.16290e-27	2.66808e-03	 3.74618e-11	 4.81582e-06	2.14751e-160	 2.18389e-23	 4.89049e-57	 1.88673e-31	 2.13875e-14	 3.12111e-13	 3.90217e-59	 0.00000e+00	 1.20016e-81	#_77        
   78	1	1	0	0	1	-1	-1	100	0.016499636	0.090885687	0.05835734	0.14865748	0.18963839	0.11178810	0.03375263	0.05162523	0.041367329	0.09657674	1.11209e-01	4.29928e-04	3.13597e-02	7.64210e-05	9.32250e-03	8.16992e-05	1.20407e-03	3.38800e-03	1.20835e-03	 5.25410e-20	 7.08374e-05	 2.50101e-03	 3.49042e-40	 1.98926e-60	7.74955e-187	 2.17128e-52	 2.84089e-86	 0.00000e+00	 0.00000e+00	3.32812e-106	#_78        
   79	1	1	0	0	1	-1	-1	100	0.041549277	0.029994797	0.10096936	0.08691318	0.16323226	0.18721051	0.09387456	0.01271111	0.027189635	0.00678051	1.16397e-01	8.08554e-02	1.26006e-03	4.33278e-02	2.82600e-04	1.07446e-03	1.91953e-04	5.13209e-04	5.84266e-05	 5.27439e-07	 5.61318e-03	 2.86946e-16	 1.59898e-68	 9.65416e-70	 1.63580e-33	 5.17614e-07	8.22435e-218	 0.00000e+00	 1.34886e-28	 9.08655e-21	#_79        
   80	1	1	0	0	1	-1	-1	100	0.029806969	0.004814957	0.04433170	0.13251044	0.06831329	0.13952842	0.12157649	0.19704443	0.027617189	0.00650293	2.51025e-02	7.73563e-02	8.27276e-02	2.94712e-04	2.43253e-02	1.28442e-06	6.17462e-04	2.77655e-03	1.40771e-02	 6.74456e-04	 1.16823e-37	 2.78064e-31	 7.97326e-24	 1.13582e-61	 1.49244e-43	5.89656e-239	4.37976e-130	8.28005e-243	1.78668e-131	 7.53253e-10	#_80        
   81	1	1	0	0	1	-1	-1	100	0.086348663	0.039986695	0.03627541	0.06863800	0.15621100	0.08191749	0.11931513	0.05118752	0.079881409	0.02560853	5.21220e-02	5.88577e-02	4.52095e-02	5.96996e-02	5.19880e-07	2.42551e-02	3.32046e-05	1.91275e-03	1.70681e-05	 2.77319e-10	 1.25228e-02	 3.73164e-16	 1.29604e-21	 2.06492e-18	 3.45608e-13	 6.61393e-90	3.42646e-226	 0.00000e+00	5.80009e-149	 0.00000e+00	#_81        
   82	1	1	0	0	1	-1	-1	100	0.013993527	0.201112080	0.10236118	0.02963165	0.15304004	0.13840968	0.05049180	0.03391514	0.089076159	0.05965096	3.96468e-02	2.61549e-03	1.95638e-02	2.48689e-02	4.05252e-02	9.12833e-05	1.00232e-03	3.72004e-06	8.69760e-12	 1.52727e-08	 4.36561e-08	 1.21240e-09	 3.72196e-11	 2.56845e-52	 1.47037e-07	 4.83825e-28	1.46245e-151	 2.98557e-95	1.17578e-152	 9.88509e-39	#_82        
   83	1	1	0	0	1	-1	-1	100	0.045711794	0.025691371	0.23832135	0.14886603	0.01237533	0.06635727	0.19005952	0.01898594	0.076292363	0.06177318	4.17600e-02	1.18944e-03	1.39096e-03	2.34640e-02	3.03817e-02	8.19075e-03	2.66936e-03	4.11053e-03	5.87376e-10	 2.40686e-03	 1.14720e-07	 9.35606e-08	 4.80254e-07	 1.36441e-24	 1.60610e-06	 1.13408e-09	 1.33465e-40	 8.19248e-45	 2.84672e-78	2.63622e-170	#_83        
   84	1	1	0	0	1	-1	-1	100	0.004213418	0.124751879	0.09643737	0.33563879	0.09111663	0.02596590	0.04412757	0.07954122	0.022818644	0.05318672	1.58292e-02	3.88710e-02	1.13092e-03	3.99307e-04	2.24467e-03	2.40515e-02	8.69689e-03	1.30565e-07	2.93424e-02	 1.61627e-03	 5.61319e-28	 5.81134e-09	 1.95328e-05	 2.29974e-33	 3.25463e-32	 2.35988e-35	 2.13146e-60	 2.69651e-90	 0.00000e+00	2.42033e-154	#_84        
   85	1	1	0	0	1	-1	-1	100	0.023709060	0.011432086	0.18403498	0.13594439	0.28686513	0.03727308	0.02466374	0.03316188	0.114999541	0.01761837	1.73614e-02	1.17405e-02	2.75036e-02	4.10326e-04	3.38504e-03	2.67635e-03	3.73542e-02	2.47345e-02	8.92786e-04	 3.11301e-03	 2.69679e-07	 2.36021e-04	 1.87947e-42	 8.73548e-04	 1.62277e-05	6.00259e-213	 1.98104e-72	 1.27600e-79	2.93746e-142	 1.47675e-59	#_85        
   86	1	1	0	0	1	-1	-1	100	0.008854603	0.019675193	0.05095200	0.24017190	0.13501280	0.29474540	0.07733318	0.01727129	0.012579149	0.04309014	8.02703e-03	2.24055e-02	2.19584e-02	9.59176e-03	3.03593e-04	1.01476e-03	3.21853e-03	6.53565e-03	2.72535e-02	 8.04312e-10	 4.96423e-06	 5.58050e-07	 3.33441e-09	 6.02940e-15	 2.59197e-25	 1.82416e-25	 1.08356e-22	8.81933e-126	1.61354e-253	8.17259e-105	#_86        
   87	1	1	0	0	1	-1	-1	100	0.010730899	0.125516581	0.06421928	0.03541825	0.25709626	0.10594699	0.19213976	0.06495088	0.011858718	0.03824335	3.18923e-02	7.74819e-03	1.22858e-02	1.18829e-03	1.51628e-02	2.21229e-02	1.59930e-08	2.38482e-06	1.33294e-03	 2.04515e-03	 3.34153e-09	 9.82307e-05	 1.09364e-58	 1.70394e-25	 1.92811e-18	 8.61687e-11	1.63446e-132	1.49609e-128	8.73969e-266	 5.47130e-53	#_87        
   88	1	1	0	0	1	-1	-1	100	0.021096219	0.134587636	0.15089515	0.13676302	0.04102703	0.20139891	0.05369650	0.14598241	0.023464333	0.00708313	2.93721e-02	3.69973e-02	2.78915e-04	5.11974e-03	1.69099e-03	3.57191e-03	4.32662e-03	1.08410e-06	1.17164e-04	 2.19671e-03	 3.19017e-04	 8.72915e-14	 5.35488e-06	 8.14405e-06	 6.04527e-07	 2.97742e-28	 1.38292e-19	 1.85259e-58	 4.43897e-17	 2.35862e-23	#_88        
   89	1	1	0	0	1	-1	-1	100	0.032979242	0.051177294	0.13350725	0.27160275	0.14483422	0.02566590	0.11365584	0.05267567	0.077855784	0.01831429	1.86399e-02	4.01258e-03	4.93790e-03	1.55358e-02	1.09822e-03	6.92308e-03	5.94060e-03	8.99789e-03	1.01633e-04	 1.04769e-04	 5.65852e-03	 2.01615e-04	 6.48286e-20	 5.57875e-03	 1.51562e-51	 7.15693e-21	 1.65463e-07	 7.11394e-11	 8.24215e-30	 3.70268e-07	#_89        
   90	1	1	0	0	1	-1	-1	100	0.002183021	0.025187917	0.13454172	0.20043402	0.18432476	0.08686089	0.01470165	0.15956242	0.028836120	0.08604282	3.30384e-02	4.70930e-04	3.65192e-03	9.60728e-03	5.43349e-06	1.43439e-02	4.79210e-03	1.97522e-05	4.82187e-03	 7.55653e-05	 1.92718e-08	 1.81734e-03	 4.53359e-03	 9.08312e-10	 1.54093e-17	 4.51308e-18	 7.92971e-20	 3.25945e-19	 1.46560e-04	 1.22661e-70	#_90        
   91	1	1	0	0	1	-1	-1	100	0.028706943	0.014483095	0.05812559	0.21083020	0.16294348	0.17844687	0.09938319	0.04465081	0.072732147	0.01930104	4.45129e-02	1.28321e-02	2.85609e-02	7.25302e-03	1.60961e-03	5.66488e-03	3.96400e-03	2.84103e-03	1.93912e-04	 1.97437e-11	 7.57723e-12	 3.54097e-04	 2.60676e-03	 2.86099e-07	 1.47431e-09	 3.12847e-06	 1.01276e-10	 2.71619e-10	 7.15214e-09	 1.49894e-47	#_91        
   92	1	1	0	0	1	-1	-1	100	0.020918999	0.029434401	0.11280965	0.09302507	0.17230389	0.09450610	0.19901469	0.11707173	0.015719778	0.06817550	2.58050e-02	3.02233e-02	1.34349e-02	2.60289e-05	1.87560e-03	4.46637e-03	7.88401e-04	9.12654e-06	5.30030e-06	 3.03644e-04	 7.54117e-08	 1.12706e-05	 4.32304e-07	 2.18929e-08	 7.06098e-05	 1.09342e-76	 2.70138e-12	 4.15114e-08	 2.79410e-16	 6.14650e-11	#_92        
   93	1	1	0	0	1	-1	-1	100	0.003150474	0.064452731	0.06913532	0.07733648	0.13979053	0.14738728	0.12989579	0.10710696	0.040953336	0.00219830	8.11068e-02	1.87944e-02	4.88227e-02	1.40623e-02	1.33600e-02	1.03724e-02	2.57613e-03	4.98887e-04	1.97313e-02	 6.39338e-03	 4.37782e-04	 1.14960e-04	 1.02961e-20	 3.08428e-16	 1.56442e-08	 2.31648e-03	 3.72307e-25	 5.16276e-06	 2.29681e-08	 1.20533e-07	#_93        
   94	1	1	0	0	1	-1	-1	100	0.019613569	0.038339232	0.16935000	0.03269753	0.09209526	0.13167378	0.11419449	0.14122815	0.101370710	0.06553506	5.73475e-03	2.33703e-02	2.52433e-02	2.28411e-02	1.04661e-03	1.34838e-03	8.80074e-04	3.94783e-03	3.70055e-03	 2.83693e-04	 1.34788e-03	 1.04471e-06	 3.74322e-03	 4.38264e-21	 2.84653e-11	 4.54788e-22	 1.27637e-04	 6.46229e-08	 2.85773e-04	 2.11306e-41	#_94        
   95	1	1	0	0	1	-1	-1	100	0.008244007	0.056960713	0.07986449	0.22059290	0.08890401	0.04858984	0.06368581	0.12335429	0.117193478	0.05185981	8.61644e-02	6.92886e-04	3.03324e-02	4.83081e-04	1.13119e-02	3.99557e-04	1.36789e-03	3.04977e-05	1.93858e-03	 5.66677e-04	 1.64708e-06	 1.44723e-04	 6.48731e-03	 2.38029e-05	 1.55898e-23	 4.54971e-26	 6.71038e-04	 1.34341e-04	 3.11753e-44	 1.49282e-13	#_95        
   96	1	1	0	0	1	-1	-1	100	0.087234288	0.045562207	0.10544583	0.06694524	0.20611101	0.12368052	0.03042765	0.03552947	0.072390340	0.05166458	5.87883e-02	6.17283e-02	1.10040e-03	4.78995e-02	9.89729e-04	2.74573e-03	6.48971e-05	2.20464e-13	4.17282e-04	 1.28768e-05	 1.59731e-04	 7.62014e-06	 2.41744e-05	 8.73768e-04	 1.96551e-04	 8.65973e-12	 6.50807e-13	 3.31396e-22	 7.05131e-15	 3.70710e-09	#_96        
   97	1	1	0	0	1	-1	-1	100	0.019177320	0.270686972	0.11150048	0.10987866	0.10494493	0.12944776	0.03269944	0.01801167	0.021955813	0.04094872	2.91986e-02	3.59536e-02	8.24442e-03	2.61163e-03	2.78511e-02	5.87876e-03	8.76533e-03	1.69523e-03	2.38590e-06	 1.78798e-04	 3.05358e-07	 1.19281e-04	 3.63106e-13	 1.66079e-06	 1.70200e-11	 6.35755e-20	 8.47567e-19	 3.45046e-60	 2.02454e-02	 1.83908e-06	#_97        
   98	1	1	0	0	1	-1	-1	100	0.033380654	0.028026415	0.44791239	0.04838300	0.05652745	0.06789424	0.11495653	0.04432231	0.037171190	0.03544101	1.44715e-02	5.26532e-03	2.01736e-02	1.93979e-05	1.94256e-03	2.14408e-02	3.60295e-03	1.05941e-02	1.38524e-04	 7.22767e-27	 8.83653e-08	 5.91429e-04	 1.52350e-26	 1.90684e-06	 4.76627e-10	 2.30178e-06	 3.51362e-10	 5.75675e-04	6.20831e-101	 7.16461e-03	#_98        
   99	1	1	0	0	1	-1	-1	100	0.006428044	0.034589738	0.15449064	0.47684279	0.04033590	0.05055378	0.04332594	0.06403669	0.001557750	0.01357445	2.19133e-02	1.48252e-02	4.05588e-02	1.21263e-02	9.80203e-03	1.84393e-06	3.55754e-03	1.92588e-03	6.99293e-03	 1.90519e-09	 1.64119e-28	 3.06707e-13	 2.54911e-03	 4.14698e-17	 1.94022e-11	 1.13659e-05	 8.65209e-11	 1.32994e-33	 2.36755e-30	 4.55918e-12	#_99        
  100	1	1	0	0	1	-1	-1	100	0.005604727	0.035520396	0.08713800	0.04374229	0.52727814	0.05770611	0.05559739	0.05246676	0.068257557	0.01351349	3.63067e-03	6.31008e-03	1.24129e-02	1.17776e-03	1.35983e-02	6.10270e-04	1.24579e-02	1.95854e-05	1.04577e-03	 1.83879e-03	 5.57483e-05	 4.97002e-22	 1.48102e-06	 1.33610e-06	 7.94764e-21	 6.20888e-12	 6.14729e-25	 1.66180e-12	 5.50869e-18	 1.45293e-05	#_100       
-9999	0	0	0	0	0	 0	 0	  0	0.000000000	0.000000000	0.00000000	0.00000000	0.00000000	0.00000000	0.00000000	0.00000000	0.000000000	0.00000000	0.00000e+00	0.00000e+00	0.00000e+00	0.00000e+00	0.00000e+00	0.00000e+00	0.00000e+00	0.00000e+00	0.00000e+00	 0.00000e+00	 0.00000e+00	 0.00000e+00	 0.00000e+00	 0.00000e+00	 0.00000e+00	 0.00000e+00	 0.00000e+00	 0.00000e+00	 0.00000e+00	 0.00000e+00	#_terminator
#
#_MeanSize_at_Age_obs
0 #_use_MeanSize_at_Age_obs
0 #_N_environ_variables
0 #_N_sizefreq_methods
0 #_do_tags
0 #_morphcomp_data
0 #_use_selectivity_priors
#
999
