ParName   Value   Gradient
SR_parm[1]      10.3659    8.283e-05
recdev_early(-8) -0.000105243 -3.13078e-07
recdev_early(-7) -0.000112251 -3.30442e-07
recdev_early(-6) -0.000119595 -3.48111e-07
recdev_early(-5) -0.000127313 -3.65625e-07
recdev_early(-4) -0.000135443 -3.82538e-07
recdev_early(-3) -0.000144016 -3.98408e-07
recdev_early(-2) -0.000153067 -4.12775e-07
recdev_early(-1)  -0.00016263 -4.25095e-07
recdev_early(0)  -0.00017274 -4.34616e-07
recdev_early(1) -0.000183309 -4.39516e-07
recdev_early(2) -0.000194497 -4.39935e-07
recdev_early(3) -0.000206253 -4.33432e-07
recdev_early(4) -0.000218562 -4.17823e-07
recdev_early(5) -0.000231405  -3.9032e-07
recdev_early(6) -0.000244773 -3.47341e-07
recdev_early(7) -0.000258658 -2.84418e-07
recdev_early(8) -0.000273051 -1.96159e-07
recdev_early(9) -0.000287939 -7.63467e-08
recdev_early(10) -0.000303306  8.16116e-08
recdev_early(11) -0.000319131   2.8389e-07
recdev_early(12)  -0.00033539  5.35139e-07
recdev_early(13) -0.000352069  8.37608e-07
recdev_early(14)  -0.00036917  1.19124e-06
recdev_early(15) -0.000386678  1.59504e-06
recdev_early(16) -0.000404593  2.04908e-06
recdev_early(17) -0.000423023  2.55593e-06
recdev_early(18)  -0.00044202  3.12075e-06
recdev_early(19) -0.000461801  3.75124e-06
recdev_early(20) -0.000482705  4.45674e-06
recdev1(21)    0.0143928  2.49108e-06
recdev1(22)    0.0143714  2.10503e-06
recdev1(23)    0.0143448  1.74671e-06
recdev1(24)    0.0143163  1.41038e-06
recdev1(25)    0.0142857  1.09085e-06
recdev1(26)    0.0142538  7.85623e-07
recdev1(27)     0.014221  4.93775e-07
recdev1(28)    0.0141881  2.60501e-07
recdev1(29)    0.0141567  8.06794e-08
recdev1(30)    0.0141319 -5.71108e-08
recdev1(31)    0.0141229 -1.70072e-07
recdev1(32)    0.0141411  -2.8218e-07
recdev1(33)    0.0142027 -4.24309e-07
recdev1(34)     0.014332 -6.35709e-07
recdev1(35)    0.0145589 -9.54681e-07
recdev1(36)    0.0149162 -1.38513e-06
recdev1(37)     0.015441  -1.8361e-06
recdev1(38)     0.016159 -2.03675e-06
recdev1(39)    0.0170775 -1.52176e-06
recdev1(40)     0.018167  1.10611e-07
recdev1(41)    0.0193327  2.19322e-06
recdev1(42)    0.0203904  2.40774e-06
recdev1(43)    0.0210455  1.06835e-06
recdev1(44)    0.0208804  5.86605e-07
recdev1(45)    0.0193677  3.71276e-06
recdev1(46)    0.0159264  2.68622e-06
recdev1(47)    0.0100439  -3.8166e-06
recdev1(48)   0.00146703  4.14771e-06
recdev1(49)  -0.00956683  -4.8005e-07
recdev1(50)   -0.0221064  3.14715e-06
recdev1(51)   -0.0343855  3.32034e-06
recdev1(52)   -0.0438839  1.26466e-06
recdev1(53)   -0.0475661 -1.16107e-06
recdev1(54)   -0.0422292 -1.01245e-05
recdev1(55)   -0.0248554  9.44614e-07
recdev1(56)   0.00711235  7.63848e-06
recdev1(57)    0.0556993 -5.40804e-07
recdev1(58)     0.122394  5.92093e-07
recdev1(59)     0.206735   1.3789e-06
recdev1(60)     0.301937  2.54411e-07
recdev1(61)     0.383935  7.70869e-07
recdev1(62)     0.401596   7.9792e-07
recdev1(63)     0.319636  8.05563e-07
recdev1(64)     0.169523   6.9661e-07
recdev1(65)   0.00367442 -1.07832e-07
recdev1(66)    -0.145297 -4.66437e-07
recdev1(67)    -0.261103  1.59848e-06
recdev1(68)    -0.337259 -1.28701e-07
recdev1(69)    -0.373997 -2.01538e-06
recdev1(70)    -0.369933  4.78381e-07
recdev1(71)     -0.29895  1.07582e-07
recdev1(72)   -0.0808288  -2.6146e-07
recdev1(73)      0.41522 -1.37901e-06
recdev1(74)     0.574882 -1.12827e-06
recdev1(75)     0.388418  1.62082e-07
recdev1(76)      1.11796 -1.30033e-09
recdev1(77)   -0.0790295  -8.0659e-07
recdev1(78)    -0.583983 -4.76334e-07
recdev1(79)    -0.399001 -7.90877e-07
recdev1(80)    -0.142042 -8.43975e-07
recdev1(81)    -0.175524  -4.2993e-07
recdev1(82)    -0.514604 -2.01716e-07
recdev1(83)    -0.406139 -4.36804e-07
recdev1(84)    0.0396791 -6.31622e-07
recdev1(85)     0.925718  4.69753e-08
recdev1(86)    -0.175248 -2.77496e-06
recdev1(87)     0.774858  8.41622e-07
recdev1(88)    -0.147435 -6.25272e-07
recdev1(89)    -0.570538 -9.77434e-07
recdev1(90)    -0.866091  -3.4206e-07
recdev1(91)    -0.452212 -3.64312e-07
recdev1(92)    -0.227943 -8.58486e-07
recdev1(93)    -0.310253  8.80256e-08
recdev1(94)      0.50879 -9.31768e-07
Fcast_recruitments(95)       1.4377 -6.19762e-07
Fcast_recruitments(96)     0.287997  2.71806e-07
Fcast_recruitments(97)    -0.295453  1.14934e-06
Fcast_recruitments(98)    -0.144128  6.47384e-07
Fcast_recruitments(99)   -0.0602503  7.48974e-07
Fcast_recruitments(100)   -0.0372166  1.81707e-06
Fcast_recruitments(101)            0            0
Fcast_recruitments(102)            0            0
Fcast_recruitments(103)            0            0
Fcast_recruitments(104)            0            0
Fcast_recruitments(105)            0            0
Fcast_recruitments(106)            0            0
Fcast_recruitments(107)            0            0
Fcast_recruitments(108)            0            0
Fcast_recruitments(109)            0            0
Fcast_recruitments(110)            0            0
selparm[1]      43.0128  1.20521e-05
selparm[3]       5.2202 -4.11749e-05
