#V3.30
#C data file created using the SS_writedat function in the R package r4ss
#C should work with SS version: 
#C file write time: 2020-04-24 17:31:52
#
1 #_styr
100 #_endyr
1 #_nseas
12 #_months_per_seas
2 #_Nsubseasons
1 #_spawn_month
1 #_Ngenders
30 #_Nages
1 #_N_areas
2 #_Nfleets
#_fleetinfo
#_type	surveytiming	area	units	need_catch_mult	fleetname
1	-1	1	1	0	Fishery	#_1
3	 1	1	2	0	Survey 	#_2
#_Catch data
#_year	season	fleet	catch	catch_se
 -999	1	1	   0.0000	0.0	#_1         
    1	1	1	  83.9067	0.1	#_2         
    2	1	1	  97.3541	0.1	#_3         
    3	1	1	 112.9430	0.1	#_4         
    4	1	1	 130.8560	0.1	#_5         
    5	1	1	 149.5060	0.1	#_6         
    6	1	1	 168.0050	0.1	#_7         
    7	1	1	 186.9630	0.1	#_8         
    8	1	1	 206.7060	0.1	#_9         
    9	1	1	 226.4710	0.1	#_10        
   10	1	1	 244.7470	0.1	#_11        
   11	1	1	 259.7080	0.1	#_12        
   12	1	1	 270.0460	0.1	#_13        
   13	1	1	 275.5870	0.1	#_14        
   14	1	1	 277.1120	0.1	#_15        
   15	1	1	 276.6350	0.1	#_16        
   16	1	1	 280.5100	0.1	#_17        
   17	1	1	 297.7700	0.1	#_18        
   18	1	1	 327.6540	0.1	#_19        
   19	1	1	 357.7030	0.1	#_20        
   20	1	1	 377.9550	0.1	#_21        
   21	1	1	 388.8040	0.1	#_22        
   22	1	1	 395.5550	0.1	#_23        
   23	1	1	 401.1940	0.1	#_24        
   24	1	1	 405.6860	0.1	#_25        
   25	1	1	 408.9880	0.1	#_26        
   26	1	1	 400.7440	0.1	#_27        
   27	1	1	 930.8520	0.1	#_28        
   28	1	1	1463.4800	0.1	#_29        
   29	1	1	1999.4200	0.1	#_30        
   30	1	1	2508.0200	0.1	#_31        
   31	1	1	2945.4800	0.1	#_32        
   32	1	1	3290.9400	0.1	#_33        
   33	1	1	3546.5900	0.1	#_34        
   34	1	1	3715.5000	0.1	#_35        
   35	1	1	3787.3200	0.1	#_36        
   36	1	1	3749.4000	0.1	#_37        
   37	1	1	3607.9000	0.1	#_38        
   38	1	1	3408.5800	0.1	#_39        
   39	1	1	3236.6700	0.1	#_40        
   40	1	1	3156.0900	0.1	#_41        
   41	1	1	3196.3800	0.1	#_42        
   42	1	1	3445.0400	0.1	#_43        
   43	1	1	3931.1000	0.1	#_44        
   44	1	1	4387.8900	0.1	#_45        
   45	1	1	4536.5900	0.1	#_46        
   46	1	1	4417.4300	0.1	#_47        
   47	1	1	4164.5400	0.1	#_48        
   48	1	1	3874.1600	0.1	#_49        
   49	1	1	3652.1100	0.1	#_50        
   50	1	1	3471.9500	0.1	#_51        
   51	1	1	3233.8800	0.1	#_52        
   52	1	1	2961.6400	0.1	#_53        
   53	1	1	2731.8200	0.1	#_54        
   54	1	1	2572.5100	0.1	#_55        
   55	1	1	2473.2500	0.1	#_56        
   56	1	1	2338.3000	0.1	#_57        
   57	1	1	2246.4500	0.1	#_58        
   58	1	1	2179.2800	0.1	#_59        
   59	1	1	2157.9300	0.1	#_60        
   60	1	1	2213.5100	0.1	#_61        
   61	1	1	2278.2500	0.1	#_62        
   62	1	1	2223.8100	0.1	#_63        
   63	1	1	2212.5600	0.1	#_64        
   64	1	1	2264.9200	0.1	#_65        
   65	1	1	2289.9400	0.1	#_66        
   66	1	1	2222.5600	0.1	#_67        
   67	1	1	2117.6500	0.1	#_68        
   68	1	1	2083.4100	0.1	#_69        
   69	1	1	2204.8300	0.1	#_70        
   70	1	1	2526.2700	0.1	#_71        
   71	1	1	2887.2500	0.1	#_72        
   72	1	1	3013.7500	0.1	#_73        
   73	1	1	2835.7200	0.1	#_74        
   74	1	1	2502.1100	0.1	#_75        
   75	1	1	2172.1700	0.1	#_76        
   76	1	1	1899.2700	0.1	#_77        
   77	1	1	1666.6700	0.1	#_78        
   78	1	1	1457.9200	0.1	#_79        
   79	1	1	1271.8700	0.1	#_80        
   80	1	1	1100.9000	0.1	#_81        
   81	1	1	1066.7200	0.1	#_82        
   82	1	1	1050.0400	0.1	#_83        
   83	1	1	1080.1700	0.1	#_84        
   84	1	1	1146.6000	0.1	#_85        
   85	1	1	1214.3600	0.1	#_86        
   86	1	1	1256.9100	0.1	#_87        
   87	1	1	1280.3700	0.1	#_88        
   88	1	1	1312.8300	0.1	#_89        
   89	1	1	1362.5900	0.1	#_90        
   90	1	1	1407.2700	0.1	#_91        
   91	1	1	1418.8700	0.1	#_92        
   92	1	1	1388.7000	0.1	#_93        
   93	1	1	1334.5000	0.1	#_94        
   94	1	1	1281.4800	0.1	#_95        
   95	1	1	1237.2800	0.1	#_96        
   96	1	1	1209.2200	0.1	#_97        
   97	1	1	1245.4100	0.1	#_98        
   98	1	1	1386.5000	0.1	#_99        
   99	1	1	1572.9000	0.1	#_100       
  100	1	1	1710.8400	0.1	#_101       
-9999	0	0	   0.0000	0.0	#_terminator
#_CPUE_and_surveyabundance_observations
#_Units:  0=numbers; 1=biomass; 2=F; >=30 for special types
#_Errtype:  -1=normal; 0=lognormal; >0=T
#_SD_Report: 0=no sdreport; 1=enable sdreport
#_Fleet	Units	Errtype	SD_Report
1	1	0	0	#_Fishery
2	1	0	0	#_Survey 
#
#_CPUE_data
#_year	seas	index	obs	se_log
    1	7	1	49292.93	0.1	#_1         
    2	7	1	47634.74	0.1	#_2         
    3	7	1	51277.78	0.1	#_3         
    4	7	1	49379.18	0.1	#_4         
    5	7	1	69407.19	0.1	#_5         
    6	7	1	51035.04	0.1	#_6         
    7	7	1	61678.29	0.1	#_7         
    8	7	1	49632.03	0.1	#_8         
    9	7	1	74948.78	0.1	#_9         
   10	7	1	59025.22	0.1	#_10        
   11	7	1	63917.58	0.1	#_11        
   12	7	1	60199.68	0.1	#_12        
   13	7	1	62456.95	0.1	#_13        
   14	7	1	56074.46	0.1	#_14        
   15	7	1	51586.73	0.1	#_15        
   16	7	1	54871.92	0.1	#_16        
   17	7	1	42149.78	0.1	#_17        
   18	7	1	41629.46	0.1	#_18        
   19	7	1	54588.28	0.1	#_19        
   20	7	1	60316.08	0.1	#_20        
   21	7	1	52566.68	0.1	#_21        
   22	7	1	54854.24	0.1	#_22        
   23	7	1	54881.86	0.1	#_23        
   24	7	1	59709.50	0.1	#_24        
   25	7	1	52952.92	0.1	#_25        
   26	7	1	58808.89	0.1	#_26        
   27	7	1	49246.41	0.1	#_27        
   28	7	1	53934.41	0.1	#_28        
   29	7	1	52412.87	0.1	#_29        
   30	7	1	52105.57	0.1	#_30        
   31	7	1	43433.01	0.1	#_31        
   32	7	1	41614.37	0.1	#_32        
   33	7	1	41054.60	0.1	#_33        
   34	7	1	45819.35	0.1	#_34        
   35	7	1	34452.04	0.1	#_35        
   36	7	1	33796.29	0.1	#_36        
   37	7	1	30570.44	0.1	#_37        
   38	7	1	27874.80	0.1	#_38        
   39	7	1	23293.87	0.1	#_39        
   40	7	1	20549.46	0.1	#_40        
   41	7	1	18285.01	0.1	#_41        
   42	7	1	20494.41	0.1	#_42        
   43	7	1	22858.77	0.1	#_43        
   44	7	1	20536.17	0.1	#_44        
   45	7	1	22026.76	0.1	#_45        
   46	7	1	18070.36	0.1	#_46        
   47	7	1	17178.87	0.1	#_47        
   48	7	1	16899.18	0.1	#_48        
   49	7	1	15461.03	0.1	#_49        
   50	7	1	12956.01	0.1	#_50        
   51	7	1	13061.60	0.1	#_51        
   52	7	1	 9720.44	0.1	#_52        
   53	7	1	 9138.80	0.1	#_53        
   54	7	1	 7641.67	0.1	#_54        
   55	7	1	 9013.39	0.1	#_55        
   56	7	1	 7937.95	0.1	#_56        
   57	7	1	 6843.57	0.1	#_57        
   58	7	1	 6608.30	0.1	#_58        
   59	7	1	 7859.25	0.1	#_59        
   60	7	1	 7205.06	0.1	#_60        
   61	7	1	 7080.91	0.1	#_61        
   62	7	1	 7429.72	0.1	#_62        
   63	7	1	 7305.90	0.1	#_63        
   64	7	1	 8086.65	0.1	#_64        
   65	7	1	 8571.02	0.1	#_65        
   66	7	1	 9096.17	0.1	#_66        
   67	7	1	 7160.21	0.1	#_67        
   68	7	1	 8909.45	0.1	#_68        
   69	7	1	10842.16	0.1	#_69        
   70	7	1	11008.79	0.1	#_70        
   71	7	1	13775.70	0.1	#_71        
   72	7	1	16188.52	0.1	#_72        
   73	7	1	15492.03	0.1	#_73        
   74	7	1	16447.65	0.1	#_74        
   75	7	1	13750.01	0.1	#_75        
   76	7	1	14633.78	0.1	#_76        
   77	7	1	11959.43	0.1	#_77        
   78	7	1	12560.04	0.1	#_78        
   79	7	1	14929.12	0.1	#_79        
   80	7	1	10943.69	0.1	#_80        
   81	7	1	11476.18	0.1	#_81        
   82	7	1	 9750.52	0.1	#_82        
   83	7	1	10909.98	0.1	#_83        
   84	7	1	12124.92	0.1	#_84        
   85	7	1	12514.84	0.1	#_85        
   86	7	1	13881.90	0.1	#_86        
   87	7	1	12637.74	0.1	#_87        
   88	7	1	15164.76	0.1	#_88        
   89	7	1	13383.61	0.1	#_89        
   90	7	1	16763.60	0.1	#_90        
   91	7	1	16343.28	0.1	#_91        
   92	7	1	13737.05	0.1	#_92        
   93	7	1	15045.77	0.1	#_93        
   94	7	1	13955.00	0.1	#_94        
   95	7	1	14675.03	0.1	#_95        
   96	7	1	11142.29	0.1	#_96        
   97	7	1	11134.26	0.1	#_97        
   98	7	1	14157.73	0.1	#_98        
   99	7	1	17347.09	0.1	#_99        
  100	7	1	18205.51	0.1	#_100       
-9999	0	0	    0.00	0.0	#_terminator
0 #_N_discard_fleets
#_discard_units (1=same_as_catchunits(bio/num); 2=fraction; 3=numbers)
#_discard_errtype:  >0 for DF of T-dist(read CV below); 0 for normal with CV; -1 for normal with se; -2 for lognormal
#
#_discard_fleet_info
#
#_discard_data
#
#_meanbodywt
0 #_use_meanbodywt
 #_DF_for_meanbodywt_T-distribution_like
#
#_population_length_bins
2 # length bin method: 1=use databins; 2=generate from binwidth,min,max below; 3=read vector
1 # binwidth for population size comp
10 # minimum size in the population (lower edge of first bin and size at age 0.00)
72 # maximum size in the population (lower edge of last bin)
1 #_use_lencomp
#
#_len_info
#_mintailcomp	addtocomp	combine_M_F	CompressBins	CompError	ParmSelect	minsamplesize
-1	1e-10	0	0	0	0	1	#_Fishery
-1	1e-10	0	0	0	0	1	#_Survey 
32 #_N_lbins
#_lbin_vector
10 12 14 16 18 20 22 24 26 28 30 32 34 36 38 40 42 44 46 48 50 52 54 56 58 60 62 64 66 68 70 72 #_lbin_vector
#
#_lencomp
#_Yr	Seas	FltSvy	Gender	Part	Nsamp	l10	l12	l14	l16	l18	l20	l22	l24	l26	l28	l30	l32	l34	l36	l38	l40	l42	l44	l46	l48	l50	l52	l54	l56	l58	l60	l62	l64	l66	l68	l70	l72
    1	1	1	0	0	1000	0.005625520	0.01499610	0.00991058	0.04322210	0.12639100	0.1362280	0.0810514	0.0996651	0.196211	0.362095	0.561765	0.703492	0.724290	0.646728	0.564439	0.542962	0.570530	0.622170	0.672167	0.697268	0.677539	0.6049770	0.4898810	0.3567430	0.2324410	0.13509200	0.06990470	0.032168200	0.013152800	4.77467e-03	1.53765e-03	5.80584e-04	#_1         
    2	1	1	0	0	1000	0.002171910	0.00581112	0.00438381	0.02170010	0.06846510	0.1117740	0.2027160	0.3509430	0.379683	0.318282	0.366544	0.542411	0.727271	0.810991	0.767411	0.662902	0.582348	0.565314	0.584987	0.601661	0.587023	0.5293100	0.4341420	0.3206250	0.2118330	0.12470200	0.06524750	0.030297700	0.012473600	4.55008e-03	1.46977e-03	5.55878e-04	#_2         
    3	1	1	0	0	1000	0.005280580	0.01392740	0.00547894	0.00847509	0.02699590	0.0495180	0.1103810	0.2417960	0.405620	0.573735	0.669991	0.647878	0.633786	0.706321	0.776712	0.757221	0.667654	0.587840	0.547108	0.530437	0.507744	0.4579510	0.3786020	0.2826700	0.1889990	0.11259200	0.05957350	0.027940500	0.011601500	4.26142e-03	1.38395e-03	5.25889e-04	#_3         
    4	1	1	0	0	1000	0.004978740	0.01318840	0.00662682	0.02020620	0.05955110	0.0695200	0.0632097	0.1113640	0.220707	0.405896	0.643123	0.834829	0.903132	0.862288	0.798216	0.753202	0.698598	0.630613	0.563456	0.509665	0.463081	0.4078840	0.3356950	0.2518440	0.1698400	0.10218100	0.05460700	0.025854800	0.010827800	4.00684e-03	1.30929e-03	5.00428e-04	#_4         
    5	1	1	0	0	1000	0.004650610	0.01232190	0.00626225	0.01958230	0.05927270	0.0806790	0.1084940	0.1805290	0.225131	0.265581	0.401459	0.633092	0.870726	1.005680	0.993901	0.886134	0.760807	0.665232	0.588627	0.518757	0.451760	0.3831280	0.3085360	0.2298210	0.1552680	0.09399730	0.05063790	0.024180000	0.010210700	3.80772e-03	1.25285e-03	4.82428e-04	#_5         
    6	1	1	0	0	1000	0.004117040	0.01091320	0.00567152	0.01842660	0.05590450	0.0771206	0.1089760	0.1963490	0.279145	0.349344	0.429234	0.519158	0.661538	0.850677	0.987194	0.990852	0.881851	0.749420	0.634198	0.539096	0.454815	0.3736570	0.2928280	0.2143100	0.1436890	0.08696640	0.04704600	0.022609200	0.009617490	3.61348e-03	1.19760e-03	4.65177e-04	#_6         
    7	1	1	0	0	1000	0.003635190	0.00963606	0.00501202	0.01631530	0.04964250	0.0695818	0.1019070	0.1877670	0.276916	0.371657	0.488478	0.587946	0.667468	0.756624	0.857630	0.924202	0.904733	0.817794	0.698727	0.578586	0.470422	0.3734250	0.2843860	0.2035990	0.1345230	0.08080590	0.04363220	0.021011100	0.008976380	3.39105e-03	1.13048e-03	4.42410e-04	#_7         
    8	1	1	0	0	1000	0.002192300	0.00583230	0.00356259	0.01443050	0.04400560	0.0617613	0.0909421	0.1693860	0.255725	0.356222	0.488769	0.616561	0.719148	0.793210	0.840934	0.866604	0.858867	0.816366	0.732373	0.619077	0.498272	0.3848570	0.2843300	0.1983460	0.1285270	0.07620330	0.04084310	0.019611800	0.008382700	3.17541e-03	1.06288e-03	4.18559e-04	#_8         
    9	1	1	0	0	1000	0.001802480	0.00478138	0.00257380	0.00888131	0.02764730	0.0433539	0.0773665	0.1518670	0.231389	0.327003	0.459938	0.601213	0.729765	0.828391	0.879754	0.883933	0.852374	0.807306	0.740022	0.643588	0.526500	0.4052910	0.2939880	0.2002470	0.1269050	0.07394100	0.03915240	0.018661200	0.007948120	3.00901e-03	1.00874e-03	3.98931e-04	#_9         
   10	1	1	0	0	1000	0.001732690	0.00459134	0.00234707	0.00742743	0.02271000	0.0328286	0.0522101	0.1054760	0.180050	0.285357	0.423663	0.568735	0.710544	0.833643	0.910592	0.926605	0.889276	0.832926	0.761076	0.667935	0.554269	0.4305280	0.3115900	0.2095630	0.1304330	0.07461840	0.03890660	0.018333100	0.007749490	2.92138e-03	9.77811e-04	3.87139e-04	#_10        
   11	1	1	0	0	1000	0.001407340	0.00373500	0.00205526	0.00729040	0.02215910	0.0307755	0.0446314	0.0846891	0.136518	0.213944	0.338658	0.497281	0.666172	0.816925	0.922170	0.963755	0.940641	0.885799	0.808525	0.709554	0.591423	0.4623960	0.3358730	0.2252600	0.1388790	0.07836980	0.04026600	0.018723900	0.007831860	2.93045e-03	9.76306e-04	3.85694e-04	#_11        
   12	1	1	0	0	1000	0.002211130	0.00584359	0.00259648	0.00608866	0.01859010	0.0271115	0.0429042	0.0814597	0.123924	0.179787	0.272279	0.402176	0.567001	0.745748	0.895808	0.979437	0.985774	0.946612	0.873001	0.769488	0.642948	0.5041010	0.3671610	0.2463690	0.1513650	0.08475290	0.04307250	0.019786100	0.008179730	3.02988e-03	1.00145e-03	3.92970e-04	#_12        
   13	1	1	0	0	1000	0.001022170	0.00273245	0.00199713	0.00955154	0.02862130	0.0360992	0.0413352	0.0719270	0.113262	0.168311	0.247792	0.348605	0.480313	0.644533	0.813871	0.942976	0.997863	0.993629	0.937917	0.837915	0.705173	0.5550360	0.4051920	0.2721610	0.1670500	0.09319170	0.04705220	0.021424200	0.008768370	3.21524e-03	1.05294e-03	4.09214e-04	#_13        
   14	1	1	0	0	1000	0.017115100	0.04503940	0.01514250	0.00497315	0.01442140	0.0254048	0.0518038	0.0992316	0.134151	0.165644	0.226891	0.316162	0.428829	0.565911	0.719062	0.861070	0.954875	0.995678	0.975033	0.893405	0.763712	0.6064770	0.4448520	0.2994680	0.1838780	0.10242700	0.05153300	0.023333900	0.009480470	3.44726e-03	1.11906e-03	4.30260e-04	#_14        
   15	1	1	0	0	1000	0.008183660	0.02185100	0.01532660	0.07049620	0.20539800	0.2145720	0.0984713	0.0688394	0.111221	0.180016	0.252908	0.314970	0.388214	0.492354	0.619814	0.748689	0.852017	0.922126	0.938899	0.889486	0.779370	0.6290960	0.4660020	0.3153990	0.1941330	0.10817400	0.05434470	0.024529900	0.009919440	3.58500e-03	1.15558e-03	4.39900e-04	#_15        
   16	1	1	0	0	1000	0.001195590	0.00328734	0.00469195	0.03150500	0.10049800	0.1705080	0.3233240	0.5551910	0.557851	0.352147	0.243926	0.279912	0.358096	0.434026	0.514168	0.604632	0.691288	0.765298	0.803783	0.786573	0.709284	0.5855180	0.4406340	0.3012810	0.1865520	0.10426200	0.05242500	0.023645400	0.009541450	3.43696e-03	1.10307e-03	4.17051e-04	#_16        
   17	1	1	0	0	1000	0.001891900	0.00499618	0.00213024	0.00461848	0.01710050	0.0480571	0.1474170	0.3446240	0.593069	0.838278	0.919277	0.735041	0.497639	0.405569	0.429151	0.485457	0.542302	0.599761	0.640764	0.643260	0.595903	0.5040290	0.3868500	0.2683840	0.1678300	0.09436720	0.04759820	0.021488000	0.008663930	3.11397e-03	9.95998e-04	3.74258e-04	#_17        
   18	1	1	0	0	1000	0.001656710	0.00438974	0.00223656	0.00700201	0.02086430	0.0264804	0.0357059	0.0948915	0.249203	0.532588	0.880353	1.124270	1.122070	0.895333	0.634723	0.493654	0.467259	0.494919	0.527329	0.536369	0.507085	0.4384710	0.3434680	0.2423840	0.1535780	0.08716800	0.04423740	0.020040300	0.008091360	2.90732e-03	9.28368e-04	3.47445e-04	#_18        
   19	1	1	0	0	1000	0.004446220	0.01172520	0.00456875	0.00667601	0.01999580	0.0275619	0.0387122	0.0702151	0.112745	0.210723	0.442682	0.801378	1.143770	1.277960	1.140840	0.861071	0.622959	0.511907	0.486306	0.481921	0.458410	0.4026700	0.3211280	0.2305210	0.1482380	0.08514730	0.04360450	0.019880700	0.008060500	2.90301e-03	9.27789e-04	3.46951e-04	#_19        
   20	1	1	0	0	1000	0.002320980	0.00618951	0.00415150	0.01839350	0.05431720	0.0625538	0.0514304	0.0726312	0.106415	0.154110	0.251712	0.440983	0.746317	1.084920	1.276560	1.212090	0.969591	0.729245	0.574326	0.495467	0.445730	0.3881980	0.3124100	0.2274020	0.1483160	0.08628270	0.04465920	0.020533700	0.008377600	3.03032e-03	9.71062e-04	3.63572e-04	#_20        
   21	1	1	0	0	1000	0.003195360	0.00844976	0.00388284	0.00996547	0.03132250	0.0518002	0.0964161	0.1728060	0.203262	0.195738	0.226471	0.318422	0.488790	0.747382	1.027490	1.191400	1.151550	0.975733	0.767558	0.598988	0.482552	0.3940270	0.3102490	0.2259560	0.1487240	0.08750230	0.04578730	0.021255200	0.008741130	3.18169e-03	1.02435e-03	3.84975e-04	#_21        
   22	1	1	0	0	1000	0.002656980	0.00704993	0.00383941	0.01338510	0.04017320	0.0521143	0.0657563	0.1253400	0.213091	0.313228	0.387797	0.408520	0.442579	0.563960	0.766304	0.970582	1.074400	1.047630	0.912789	0.732717	0.564562	0.4289140	0.3194060	0.2263500	0.1479940	0.08742120	0.04611960	0.021605000	0.008961740	3.28673e-03	1.06488e-03	4.02702e-04	#_22        
   23	1	1	0	0	1000	0.002714210	0.00718989	0.00361717	0.01113120	0.03404640	0.0491409	0.0755031	0.1377160	0.195553	0.263908	0.379049	0.501845	0.580327	0.621003	0.683403	0.796851	0.911940	0.971655	0.935418	0.811884	0.646250	0.4831150	0.3446760	0.2342710	0.1491740	0.08715920	0.04595430	0.021630900	0.009034950	3.33797e-03	1.08896e-03	4.14946e-04	#_23        
   24	1	1	0	0	1000	0.008645590	0.02279250	0.00870731	0.01147840	0.03425320	0.0470387	0.0664909	0.1238740	0.191237	0.270699	0.372228	0.478850	0.588206	0.683587	0.742576	0.780589	0.823023	0.872209	0.882181	0.818802	0.689665	0.5304920	0.3772870	0.2502930	0.1548060	0.08843540	0.04604980	0.021591600	0.009033960	3.35335e-03	1.10050e-03	4.22685e-04	#_24        
   25	1	1	0	0	1000	0.002460690	0.00663436	0.00625595	0.03515910	0.10379200	0.1179390	0.0912036	0.1229610	0.178300	0.247986	0.350698	0.465919	0.577588	0.676997	0.751648	0.793216	0.807539	0.820888	0.822139	0.782604	0.687452	0.5497410	0.3998950	0.2659060	0.1623100	0.09092620	0.04650550	0.021540500	0.008959300	3.32268e-03	1.09310e-03	4.22341e-04	#_25        
   26	1	1	0	0	1000	0.009803910	0.02583290	0.00953676	0.01035610	0.03396580	0.0705154	0.1656280	0.3083550	0.355888	0.324616	0.346073	0.428432	0.533842	0.638540	0.720442	0.766687	0.778706	0.780037	0.768741	0.730045	0.651370	0.5347550	0.3991960	0.2699450	0.1654690	0.09207190	0.04649030	0.021239700	0.008736880	3.21773e-03	1.05550e-03	4.08282e-04	#_26        
   27	1	1	0	0	1000	0.000818760	0.00232787	0.00517102	0.03777460	0.11135900	0.1246150	0.0941556	0.1510790	0.297342	0.488965	0.617978	0.616730	0.581544	0.602399	0.660257	0.707635	0.724042	0.724852	0.709961	0.670957	0.600298	0.4987210	0.3789030	0.2607610	0.1618360	0.09046800	0.04554770	0.020642600	0.008407040	3.06787e-03	9.99497e-04	3.85066e-04	#_27        
   28	1	1	0	0	1000	0.004335020	0.01141740	0.00408915	0.00367603	0.01516050	0.0528981	0.1652210	0.3200020	0.375888	0.380448	0.496008	0.684056	0.797247	0.784539	0.720579	0.680309	0.665717	0.661869	0.648045	0.611834	0.547722	0.4573030	0.3508410	0.2445160	0.1536500	0.08669100	0.04383450	0.019848100	0.008042730	2.91338e-03	9.41781e-04	3.59861e-04	#_28        
   29	1	1	0	0	1000	0.002953430	0.00784692	0.00453230	0.01704160	0.04993150	0.0556327	0.0456014	0.1011130	0.260870	0.494177	0.670176	0.730000	0.775732	0.844330	0.857066	0.788681	0.697222	0.639222	0.604392	0.565435	0.505945	0.4236210	0.3268370	0.2296580	0.1457010	0.08296980	0.04225590	0.019209100	0.007786170	2.81217e-03	9.04336e-04	3.42744e-04	#_29        
   30	1	1	0	0	1000	0.003238960	0.00857493	0.00418835	0.01220990	0.03759010	0.0560572	0.0893848	0.1548460	0.193906	0.251376	0.435167	0.704493	0.907438	0.970411	0.944132	0.878922	0.784172	0.690982	0.614307	0.549905	0.482631	0.4023230	0.3110920	0.2197480	0.1403890	0.08056380	0.04133650	0.018906300	0.007694270	2.78322e-03	8.94237e-04	3.37526e-04	#_30        
   31	1	1	0	0	1000	0.003865660	0.01023040	0.00490243	0.01369610	0.04128410	0.0555648	0.0754065	0.1399860	0.217675	0.301825	0.397919	0.517129	0.702724	0.913354	1.028690	1.001680	0.888172	0.769162	0.664180	0.571082	0.483455	0.3944320	0.3025180	0.2136670	0.1370250	0.07907120	0.04081970	0.018779900	0.007680590	2.78785e-03	8.97166e-04	3.38286e-04	#_31        
   32	1	1	0	0	1000	0.002026470	0.00540584	0.00367027	0.01651300	0.04987140	0.0659697	0.0846620	0.1478070	0.213891	0.289243	0.401735	0.525613	0.648654	0.783402	0.916799	0.989241	0.955687	0.856046	0.733879	0.614257	0.503409	0.3991330	0.3002720	0.2100780	0.1344190	0.07772160	0.04028650	0.018624400	0.007653550	2.78967e-03	9.00584e-04	3.40196e-04	#_32        
   33	1	1	0	0	1000	0.002476690	0.00655456	0.00314472	0.00888475	0.02802130	0.0469676	0.0908472	0.1755610	0.247086	0.313602	0.410703	0.520790	0.635596	0.751165	0.851336	0.916606	0.924040	0.878485	0.784865	0.662908	0.534982	0.4137200	0.3040390	0.2091520	0.1325540	0.07636880	0.03960240	0.018358600	0.007573400	2.77191e-03	8.98347e-04	3.40700e-04	#_33        
   34	1	1	0	0	1000	0.001545070	0.00411347	0.00258862	0.01081140	0.03266060	0.0436207	0.0593674	0.1175920	0.207792	0.330179	0.463888	0.570191	0.659880	0.749027	0.827412	0.877474	0.885420	0.860640	0.796290	0.693185	0.566428	0.4353780	0.3146840	0.2125670	0.1327720	0.07578600	0.03912330	0.018119500	0.007485130	2.74700e-03	8.93187e-04	3.40171e-04	#_34        
   35	1	1	0	0	1000	0.001627850	0.00431334	0.00220094	0.00697126	0.02175850	0.0346276	0.0626329	0.1208030	0.178639	0.255902	0.390853	0.557741	0.706264	0.805512	0.858693	0.880094	0.872651	0.848426	0.796615	0.709010	0.591072	0.4589240	0.3310690	0.2213180	0.1363980	0.07692190	0.03936460	0.018138400	0.007477570	2.74466e-03	8.93843e-04	3.41515e-04	#_35        
   36	1	1	0	0	1000	0.005489420	0.01447310	0.00556118	0.00756705	0.02263970	0.0314666	0.0463709	0.0918209	0.156258	0.244930	0.359915	0.490219	0.641788	0.793301	0.895539	0.925941	0.901446	0.861814	0.806566	0.724206	0.612510	0.4819280	0.3502000	0.2340130	0.1432760	0.08002550	0.04055720	0.018541000	0.007602580	2.78239e-03	9.05289e-04	3.46240e-04	#_36        
   37	1	1	0	0	1000	0.006961720	0.01842730	0.00890970	0.02522790	0.07406370	0.0844127	0.0662850	0.0910945	0.135851	0.200465	0.306989	0.443181	0.591038	0.735519	0.856037	0.924369	0.925470	0.888876	0.827089	0.740750	0.629423	0.4996830	0.3662740	0.2460010	0.1506350	0.08377830	0.04216570	0.019128900	0.007789540	2.83563e-03	9.19372e-04	3.50963e-04	#_37        
   38	1	1	0	0	1000	0.005560450	0.01476890	0.00841997	0.03130490	0.09443210	0.1248370	0.1562540	0.2483650	0.283923	0.261508	0.287044	0.374426	0.500086	0.642417	0.770087	0.853952	0.879627	0.865708	0.816309	0.733987	0.624589	0.4975600	0.3667550	0.2477000	0.1522020	0.08467350	0.04249640	0.019182300	0.007764210	2.80959e-03	9.06275e-04	3.44376e-04	#_38        
   39	1	1	0	0	1000	0.011480100	0.03030480	0.01258190	0.02397630	0.07324240	0.1087680	0.1758370	0.3232850	0.438833	0.502632	0.540359	0.521004	0.499796	0.543469	0.632860	0.716008	0.758928	0.766933	0.738718	0.673839	0.578040	0.4625810	0.3422690	0.2320930	0.1431420	0.07982310	0.04007530	0.018056300	0.007282300	2.62300e-03	8.41912e-04	3.18081e-04	#_39        
   40	1	1	0	0	1000	0.027373700	0.07221220	0.02875610	0.04623520	0.13555800	0.1629330	0.1599270	0.2589320	0.400891	0.562969	0.720604	0.783143	0.743615	0.663243	0.603201	0.590829	0.604021	0.617775	0.608437	0.566013	0.492514	0.3978300	0.2961260	0.2016640	0.1248080	0.06979370	0.03510210	0.015821700	0.006373840	2.29007e-03	7.32505e-04	2.75318e-04	#_40        
   41	1	1	0	0	1000	0.003239650	0.00898462	0.01465740	0.10059800	0.29840000	0.3472130	0.2934200	0.3938250	0.480004	0.518359	0.629095	0.770579	0.848640	0.821100	0.712991	0.593265	0.511210	0.476362	0.458592	0.430217	0.380065	0.3110530	0.2337410	0.1602180	0.0996098	0.05588830	0.02817680	0.012719500	0.005126620	1.84083e-03	5.87830e-04	2.20173e-04	#_41        
   42	1	1	0	0	1000	0.000646773	0.00175331	0.00190778	0.01214440	0.04671830	0.1363890	0.3972350	0.7690620	0.902385	0.816513	0.774449	0.773059	0.773435	0.770917	0.722010	0.614730	0.491376	0.401763	0.347962	0.310734	0.271877	0.2240080	0.1700300	0.1175670	0.0735708	0.04147240	0.02097930	0.009493020	0.003832070	1.37697e-03	4.39652e-04	1.64430e-04	#_42        
   43	1	1	0	0	1000	0.008258120	0.02173260	0.00733212	0.00266628	0.00859928	0.0220845	0.0749957	0.2343030	0.569895	1.034610	1.337840	1.284140	1.056600	0.864799	0.729002	0.608907	0.488714	0.385545	0.306858	0.250620	0.207134	0.1668500	0.1263350	0.0878265	0.0553382	0.03138160	0.01594820	0.007240980	0.002930040	1.05453e-03	3.36996e-04	1.26035e-04	#_43        
   44	1	1	0	0	1000	0.002138070	0.00577518	0.00570743	0.03277600	0.09567870	0.1004460	0.0500023	0.0557816	0.153037	0.399544	0.829694	1.303490	1.542010	1.416420	1.090380	0.780652	0.560253	0.416643	0.316079	0.242153	0.186692	0.1426610	0.1050270	0.0723322	0.0456035	0.02597630	0.01326920	0.006052560	0.002458510	8.87534e-04	2.84317e-04	1.06580e-04	#_44        
   45	1	1	0	0	1000	0.002406620	0.00637314	0.00316295	0.00968394	0.03263650	0.0690513	0.1628630	0.2932770	0.307817	0.250554	0.342623	0.664143	1.109140	1.444580	1.468010	1.199390	0.839819	0.561116	0.382264	0.269561	0.193968	0.1394940	0.0979942	0.0655550	0.0407683	0.02313540	0.01183370	0.005415160	0.002207210	7.99196e-04	2.56608e-04	9.63709e-05	#_45        
   46	1	1	0	0	1000	0.010694800	0.02818110	0.01041570	0.01117670	0.03313250	0.0458243	0.0705128	0.1602730	0.319055	0.510349	0.620419	0.622818	0.701840	0.956367	1.222730	1.280820	1.090540	0.801184	0.537230	0.348031	0.227023	0.1502990	0.0991343	0.0633878	0.0382828	0.02137430	0.01085580	0.004959990	0.002024160	7.34561e-04	2.36397e-04	8.89816e-05	#_46        
   47	1	1	0	0	1000	0.004187740	0.01123710	0.00926962	0.04817320	0.14165600	0.1571920	0.1079150	0.1329470	0.203363	0.327021	0.537475	0.758977	0.883479	0.918098	0.965201	1.034980	1.021910	0.887983	0.674697	0.458630	0.290258	0.1780030	0.1080490	0.0645834	0.0371913	0.02013220	0.01003810	0.004542330	0.001846480	6.69728e-04	2.15793e-04	8.14269e-05	#_47        
   48	1	1	0	0	1000	0.002124940	0.00567400	0.00399764	0.01887270	0.06166260	0.1160500	0.2485670	0.4493460	0.496964	0.414783	0.422505	0.556580	0.745185	0.900247	0.958809	0.936382	0.876263	0.795296	0.669324	0.505287	0.341657	0.2111800	0.1227750	0.0686188	0.0370336	0.01906980	0.00919082	0.004071340	0.001634760	5.89218e-04	1.89389e-04	7.14795e-05	#_48        
   49	1	1	0	0	1000	0.006762810	0.01783050	0.00685312	0.00942227	0.02956360	0.0518884	0.1131720	0.2631750	0.488439	0.748554	0.895285	0.834569	0.733362	0.741213	0.807965	0.833055	0.785952	0.703499	0.599947	0.477216	0.346007	0.2265090	0.1347250	0.0739863	0.0381305	0.01858500	0.00853207	0.003644570	0.001427990	5.06890e-04	1.61503e-04	6.06649e-05	#_49        
   50	1	1	0	0	1000	0.005535260	0.01469480	0.00819368	0.02943240	0.08664210	0.0990968	0.0815640	0.1313100	0.252660	0.471351	0.781290	1.055940	1.147500	1.040500	0.874175	0.762334	0.692964	0.628042	0.543929	0.441370	0.331124	0.2267740	0.1406920	0.0791149	0.0406307	0.01925010	0.00847282	0.003465320	0.001308760	4.52001e-04	1.41336e-04	5.23517e-05	#_50        
   51	1	1	0	0	1000	0.006751970	0.01787370	0.00868781	0.02505630	0.07668950	0.1111760	0.1688650	0.2871330	0.339435	0.352928	0.482235	0.742016	1.024620	1.182570	1.135280	0.945773	0.742735	0.602025	0.501992	0.409389	0.313717	0.2211430	0.1418040	0.0822426	0.0431006	0.02047770	0.00887032	0.003520860	0.001282920	4.28109e-04	1.30090e-04	4.69593e-05	#_51        
   52	1	1	0	0	1000	0.009778490	0.02585840	0.01188350	0.03024300	0.09091720	0.1212340	0.1599490	0.2881710	0.427546	0.551773	0.650367	0.697107	0.776399	0.926320	1.037880	1.004750	0.843327	0.658694	0.505334	0.387754	0.291502	0.2073580	0.1359180	0.0808992	0.0434317	0.02099020	0.00914300	0.003600210	0.001285790	4.17341e-04	1.23071e-04	4.29208e-05	#_52        
   53	1	1	0	0	1000	0.005489280	0.01463170	0.00964413	0.04215890	0.12659300	0.1620570	0.1905650	0.3181200	0.444060	0.564197	0.723376	0.847599	0.890460	0.882746	0.869974	0.848353	0.774928	0.653988	0.512531	0.381288	0.274057	0.1896480	0.1238180	0.0745866	0.0408057	0.02010230	0.00888642	0.003523740	0.001255080	4.02361e-04	1.16297e-04	3.92984e-05	#_53        
   54	1	1	0	0	1000	0.012321500	0.03251550	0.01323650	0.02354400	0.07326340	0.1193020	0.2206990	0.4134260	0.549448	0.635688	0.760250	0.873784	0.937262	0.940834	0.879089	0.778902	0.670611	0.570065	0.465231	0.356475	0.256041	0.1734700	0.1108640	0.0661661	0.0363306	0.01810910	0.00812112	0.003261160	0.001170630	3.75674e-04	1.07894e-04	3.57935e-05	#_54        
   55	1	1	0	0	1000	0.006101230	0.01628110	0.01118450	0.05068240	0.15032300	0.1783420	0.1687980	0.2786290	0.462883	0.689709	0.899115	0.994272	1.001460	0.968586	0.890991	0.770197	0.631602	0.510230	0.406604	0.313298	0.228481	0.1557970	0.0989339	0.0583519	0.0317736	0.01582520	0.00713957	0.002894880	0.001049560	3.39348e-04	9.77578e-05	3.22682e-05	#_55        
   56	1	1	0	0	1000	0.009379450	0.02478590	0.01096020	0.02551700	0.08023330	0.1337720	0.2525280	0.4600270	0.566220	0.603752	0.747416	0.948920	1.074090	1.063030	0.945119	0.783033	0.618784	0.481213	0.369073	0.276664	0.199672	0.1363410	0.0868485	0.0511571	0.0277086	0.01372710	0.00618109	0.002512680	0.000916517	2.98573e-04	8.66084e-05	2.87180e-05	#_56        
   57	1	1	0	0	1000	0.017156100	0.04530140	0.01913750	0.03845660	0.11399400	0.1431900	0.1647940	0.3015630	0.508427	0.748479	0.939050	0.995548	1.000090	1.008160	0.957995	0.818627	0.636730	0.476564	0.350749	0.253525	0.178012	0.1196020	0.0756929	0.0445139	0.0240813	0.01189980	0.00534210	0.002167820	0.000791296	2.58621e-04	7.53907e-05	2.51571e-05	#_57        
   58	1	1	0	0	1000	0.009949650	0.02648530	0.01656440	0.06853170	0.20379700	0.2462640	0.2409470	0.3602620	0.473006	0.578417	0.777700	0.994290	1.102460	1.067510	0.944704	0.791822	0.627389	0.474497	0.343616	0.240206	0.162769	0.1062590	0.0659632	0.0383728	0.0206502	0.01017720	0.00455962	0.001846870	0.000673334	2.20100e-04	6.42798e-05	2.15469e-05	#_58        
   59	1	1	0	0	1000	0.005161780	0.01375320	0.00893456	0.03879670	0.12111300	0.1897810	0.3295880	0.5913210	0.724932	0.729664	0.780659	0.861541	0.937840	0.980191	0.929854	0.785742	0.606508	0.450329	0.324394	0.224782	0.149113	0.0945735	0.0571083	0.0325264	0.0172636	0.00843979	0.00376434	0.001520760	0.000553485	1.80734e-04	5.27731e-05	1.77168e-05	#_59        
   60	1	1	0	0	1000	0.016002500	0.04218280	0.01599620	0.02035250	0.06278030	0.1023920	0.1962160	0.4067000	0.656243	0.918821	1.112970	1.115450	1.010360	0.916554	0.831990	0.719826	0.575280	0.432132	0.308435	0.210600	0.137635	0.0857107	0.0505847	0.0281256	0.0146191	0.00703679	0.00310645	0.001247080	0.000452185	1.47329e-04	4.29657e-05	1.44200e-05	#_60        
   61	1	1	0	0	1000	0.014106000	0.03739120	0.01941970	0.06264670	0.18394400	0.2080230	0.1602260	0.2330130	0.398593	0.649642	0.962240	1.204520	1.271450	1.153330	0.938122	0.726194	0.550977	0.412924	0.298343	0.204529	0.132626	0.0813696	0.0471481	0.0256822	0.0130696	0.00616943	0.00268038	0.001063430	0.000382523	1.23997e-04	3.60485e-05	1.20744e-05	#_61        
   62	1	1	0	0	1000	0.009830050	0.02610850	0.01487080	0.05530400	0.16815900	0.2322520	0.3203830	0.5248410	0.598581	0.558932	0.649161	0.871376	1.085060	1.165370	1.065370	0.843857	0.605057	0.421429	0.291368	0.197104	0.127628	0.0779945	0.0447117	0.0239698	0.0119729	0.00554393	0.00236523	0.000923718	0.000328106	1.05367e-04	3.04326e-05	1.01422e-05	#_62        
   63	1	1	0	0	1000	0.007318820	0.01942060	0.01060830	0.03732380	0.11487600	0.1701510	0.2754090	0.5153620	0.727541	0.873988	0.961099	0.928309	0.879586	0.900545	0.907256	0.812494	0.633563	0.450098	0.301562	0.194884	0.122122	0.0734205	0.0417182	0.0221542	0.0109226	0.00497715	0.00208701	0.000801401	0.000280339	8.88697e-05	2.54050e-05	8.38937e-06	#_63        
   64	1	1	0	0	1000	0.003543650	0.00944791	0.00628744	0.02784990	0.08544230	0.1234650	0.1935800	0.3739310	0.584019	0.823516	1.072130	1.191570	1.144860	1.000890	0.842857	0.707729	0.575673	0.440934	0.311432	0.203533	0.124975	0.0729097	0.0404186	0.0211124	0.0102812	0.00462770	0.00191374	0.000723781	0.000249309	7.78883e-05	2.19790e-05	7.16283e-06	#_64        
   65	1	1	0	0	1000	0.017903600	0.04715760	0.01695310	0.01471180	0.04495920	0.0742673	0.1429520	0.2878770	0.447756	0.646589	0.910687	1.148080	1.270140	1.228780	1.044260	0.806017	0.593066	0.435402	0.313218	0.213065	0.134485	0.0786921	0.0429531	0.0219527	0.0104809	0.00464332	0.00189439	0.000707119	0.000240281	7.40305e-05	2.06080e-05	6.61224e-06	#_65        
   66	1	1	0	0	1000	0.003945780	0.01071380	0.01196540	0.07263540	0.21326700	0.2328190	0.1477600	0.1795310	0.302890	0.491915	0.732622	0.965973	1.152490	1.237540	1.169350	0.967347	0.715109	0.500581	0.341631	0.227364	0.144769	0.0863326	0.0476538	0.0242866	0.0114414	0.00498163	0.00199852	0.000734965	0.000246406	7.49460e-05	2.05987e-05	6.50627e-06	#_66        
   67	1	1	0	0	1000	0.036682000	0.09655880	0.03318750	0.01723190	0.05637230	0.1291650	0.3246790	0.5992310	0.652173	0.528024	0.534775	0.702142	0.903584	1.043410	1.067650	0.964087	0.770003	0.563228	0.384880	0.249543	0.154747	0.0913142	0.0505841	0.0259659	0.0122566	0.00530431	0.00210227	0.000761798	0.000251656	7.54951e-05	2.04854e-05	6.37233e-06	#_67        
   68	1	1	0	0	1000	0.019687200	0.05238880	0.03231530	0.13124000	0.38280000	0.4068210	0.2208170	0.2483050	0.489978	0.810864	0.988456	0.911148	0.781830	0.766546	0.800793	0.777338	0.671350	0.527832	0.380869	0.253663	0.157342	0.0915743	0.0500601	0.0255495	0.0120618	0.00522411	0.00206478	0.000742594	0.000242577	7.18336e-05	1.92362e-05	5.89011e-06	#_68        
   69	1	1	0	0	1000	0.003987140	0.01078220	0.01098680	0.06483800	0.20242100	0.3133840	0.5257660	0.8860960	0.927505	0.698820	0.674897	0.849493	0.941926	0.855146	0.700390	0.581613	0.493518	0.408264	0.314214	0.221225	0.142448	0.0843050	0.0461061	0.0233620	0.0109493	0.00472237	0.00186257	0.000668175	0.000217188	6.38074e-05	1.69124e-05	5.10383e-06	#_69        
   70	1	1	0	0	1000	0.001805080	0.00480762	0.00308249	0.01345580	0.04597510	0.1020070	0.2652710	0.5765120	0.910209	1.203780	1.319590	1.140040	0.898758	0.782061	0.699890	0.571342	0.431415	0.325911	0.247186	0.180071	0.121508	0.0748278	0.0419760	0.0215049	0.0100866	0.00433279	0.00170084	0.000607813	0.000196903	5.76115e-05	1.51824e-05	4.53582e-06	#_70        
   71	1	1	0	0	1000	0.002265350	0.00598857	0.00270398	0.00664048	0.02079440	0.0347971	0.0748787	0.1936930	0.432035	0.820421	1.251580	1.509730	1.475980	1.205150	0.878939	0.629437	0.456688	0.331977	0.237397	0.166163	0.111985	0.0707380	0.0410009	0.0215894	0.0103037	0.00446018	0.00175241	0.000624623	0.000201598	5.87581e-05	1.54212e-05	4.57727e-06	#_71        
   72	1	1	0	0	1000	0.005432110	0.01433110	0.00573525	0.00943473	0.02793600	0.0356951	0.0435433	0.0859200	0.173326	0.360071	0.703081	1.150530	1.519400	1.609870	1.389200	1.012050	0.663254	0.429359	0.284117	0.189080	0.123113	0.0766718	0.0447522	0.0240442	0.0117435	0.00518121	0.00206073	0.000738690	0.000238628	6.94215e-05	1.81625e-05	5.36485e-06	#_72        
   73	1	1	0	0	1000	0.004233260	0.01124630	0.00647190	0.02426270	0.07171400	0.0837979	0.0725921	0.1027720	0.142584	0.205356	0.361292	0.652468	1.054840	1.427470	1.571740	1.406260	1.047530	0.694337	0.432198	0.263427	0.159781	0.0952408	0.0544319	0.0291514	0.0143741	0.00644458	0.00260672	0.000947318	0.000308796	9.02357e-05	2.36302e-05	6.96567e-06	#_73        
   74	1	1	0	0	1000	0.004467270	0.01183850	0.00607804	0.01940530	0.05974740	0.0887610	0.1410790	0.2442670	0.288927	0.278898	0.314835	0.431840	0.656013	0.977916	1.279830	1.394810	1.256020	0.970160	0.659928	0.407320	0.236114	0.1319310	0.0714841	0.0370856	0.0180577	0.00810430	0.00330832	0.001217710	0.000402006	1.18696e-04	3.13019e-05	9.26252e-06	#_74        
   75	1	1	0	0	1000	0.002993750	0.00796447	0.00486598	0.01970650	0.05997090	0.0833320	0.1210780	0.2285190	0.350724	0.467567	0.552441	0.564811	0.583430	0.702811	0.908480	1.093400	1.139470	1.029410	0.807379	0.554445	0.339489	0.1898450	0.0992277	0.0491432	0.0230501	0.01012350	0.00410171	0.001513230	0.000503531	1.50185e-04	4.00015e-05	1.19505e-05	#_75        
   76	1	1	0	0	1000	0.006486640	0.01712080	0.00704804	0.01305110	0.04024650	0.0628187	0.1110220	0.2157510	0.323405	0.447852	0.610988	0.742462	0.792174	0.785655	0.795338	0.855535	0.912856	0.906869	0.802430	0.621586	0.421637	0.2529170	0.1362490	0.0670634	0.0305809	0.01299550	0.00513075	0.001865100	0.000617690	1.84673e-04	4.95062e-05	1.49400e-05	#_76        
   77	1	1	0	0	1000	0.003736130	0.00995284	0.00641212	0.02734910	0.08119420	0.0971924	0.0947360	0.1573140	0.260255	0.401801	0.577888	0.741028	0.864236	0.921285	0.903070	0.850576	0.806806	0.779057	0.722578	0.609519	0.455156	0.2986430	0.1727270	0.0888588	0.0411382	0.01733320	0.00669741	0.002377930	0.000773198	2.28727e-04	6.11065e-05	1.84998e-05	#_77        
   78	1	1	0	0	1000	0.001908720	0.00509249	0.00347997	0.01586800	0.04982850	0.0800709	0.1441990	0.2617670	0.328906	0.366444	0.478235	0.651621	0.822818	0.938292	0.967830	0.917722	0.825493	0.741812	0.664424	0.570510	0.450246	0.3176790	0.1979370	0.1086940	0.0528170	0.02287520	0.00890226	0.003134740	0.001002850	2.91595e-04	7.68490e-05	2.30637e-05	#_78        
   79	1	1	0	0	1000	0.005518920	0.01455340	0.00565651	0.00822938	0.02571700	0.0438189	0.0894968	0.1916330	0.321409	0.471441	0.606249	0.684135	0.759614	0.864162	0.941543	0.938431	0.859814	0.758923	0.656253	0.551217	0.438485	0.3207040	0.2107670	0.1228430	0.0631793	0.02868680	0.01154220	0.004137070	0.001328130	3.83528e-04	9.98487e-05	2.95069e-05	#_79        
   80	1	1	0	0	1000	0.016152600	0.04259290	0.01650770	0.02335820	0.06784790	0.0782851	0.0668009	0.1081990	0.199123	0.348812	0.550287	0.740702	0.866590	0.920190	0.931997	0.917040	0.860980	0.776103	0.671461	0.556874	0.439081	0.3234590	0.2180880	0.1322460	0.0712864	0.03395450	0.01426690	0.005294780	0.001740830	5.08946e-04	1.32788e-04	3.89458e-05	#_80        
   81	1	1	0	0	1000	0.004942530	0.01330170	0.01194850	0.06542170	0.19331000	0.2209920	0.1724890	0.2155240	0.252226	0.269644	0.368515	0.554635	0.761942	0.913730	0.966695	0.932886	0.851186	0.762065	0.664124	0.553749	0.436501	0.3217670	0.2188990	0.1354640	0.0752835	0.03721790	0.01627240	0.006275340	0.002133940	6.40698e-04	1.70228e-04	5.04199e-05	#_81        
   82	1	1	0	0	1000	0.012007500	0.03167090	0.01249390	0.01969500	0.06455340	0.1294150	0.2951910	0.5465050	0.624161	0.534738	0.483311	0.495883	0.567887	0.696929	0.813743	0.849816	0.799933	0.714711	0.617489	0.513642	0.405880	0.3003320	0.2054880	0.1285150	0.0726827	0.03682360	0.01658910	0.006611710	0.002324460	7.20020e-04	1.96546e-04	5.96734e-05	#_82        
   83	1	1	0	0	1000	0.001837650	0.00503448	0.00672394	0.04361800	0.12935600	0.1515550	0.1413440	0.2569010	0.496365	0.796978	0.979251	0.913280	0.746032	0.652884	0.649709	0.673855	0.667370	0.623460	0.549439	0.458514	0.362002	0.2681790	0.1842610	0.1160770	0.0663735	0.03415480	0.01570340	0.006414010	0.002317510	7.38677e-04	2.07378e-04	6.49738e-05	#_83        
   84	1	1	0	0	1000	0.005961110	0.01571120	0.00590458	0.00734333	0.02618210	0.0679212	0.1867070	0.3640780	0.459630	0.533596	0.747653	1.016460	1.129960	1.019230	0.813403	0.657354	0.574602	0.528160	0.476657	0.407081	0.325288	0.2421080	0.1668470	0.1055860	0.0608146	0.03162110	0.01474030	0.006125360	0.002258810	7.36624e-04	2.11907e-04	6.84803e-05	#_84        
   85	1	1	0	0	1000	0.009275690	0.02450360	0.01062070	0.02304350	0.06733770	0.0768688	0.0670633	0.1339230	0.305962	0.559068	0.783579	0.919573	1.037050	1.122970	1.071050	0.882388	0.671695	0.528565	0.440774	0.371066	0.299605	0.2257450	0.1568560	0.0998188	0.0578099	0.03027250	0.01424530	0.005991280	0.002241980	7.43746e-04	2.18100e-04	7.23750e-05	#_85        
   86	1	1	0	0	1000	0.007884560	0.02090770	0.01106090	0.03685030	0.10969800	0.1349620	0.1388060	0.2060230	0.254219	0.312440	0.500772	0.786334	1.026600	1.136120	1.124530	1.013200	0.826841	0.636389	0.483407	0.372907	0.288417	0.2154180	0.1504670	0.0964947	0.0562708	0.02965610	0.01405410	0.005961530	0.002254230	7.57171e-04	2.25254e-04	7.63374e-05	#_86        
   87	1	1	0	0	1000	0.006719720	0.01781740	0.00939201	0.03125040	0.09524660	0.1342020	0.1949820	0.3368100	0.422295	0.441824	0.489454	0.584192	0.749492	0.950305	1.069700	1.041090	0.897355	0.720636	0.550708	0.407430	0.296244	0.2111050	0.1442830	0.0921566	0.0539484	0.02860700	0.01364610	0.005828870	0.002221380	7.52951e-04	2.26381e-04	7.79557e-05	#_87        
   88	1	1	0	0	1000	0.003584350	0.00954657	0.00610635	0.02599460	0.07940860	0.1122490	0.1675380	0.3116920	0.458991	0.593375	0.709915	0.745948	0.745816	0.787851	0.864684	0.905823	0.855466	0.736743	0.586623	0.438523	0.312404	0.2140370	0.1407600	0.0876804	0.0507850	0.02690150	0.01288010	0.005532650	0.002122110	7.24440e-04	2.19551e-04	7.65149e-05	#_88        
   89	1	1	0	0	1000	0.002948910	0.00782013	0.00415111	0.01403760	0.04396720	0.0709945	0.1321780	0.2620920	0.398712	0.554809	0.746120	0.891075	0.941943	0.913922	0.856443	0.808032	0.756627	0.685075	0.579775	0.452976	0.328375	0.2231390	0.1431280	0.0865993	0.0490071	0.02560970	0.01220020	0.005243960	0.002018970	6.92925e-04	2.11315e-04	7.43286e-05	#_89        
   90	1	1	0	0	1000	0.002587890	0.00686100	0.00359612	0.01185970	0.03620060	0.0517810	0.0810813	0.1650540	0.287367	0.460870	0.676860	0.874235	1.014590	1.064360	1.010260	0.891942	0.763954	0.660119	0.562639	0.455343	0.342064	0.2371490	0.1521880	0.0907551	0.0502925	0.02576860	0.01210430	0.005163610	0.001983740	6.81877e-04	2.08732e-04	7.39278e-05	#_90        
   91	1	1	0	0	1000	0.006781890	0.01788820	0.00706160	0.01097890	0.03305140	0.0465752	0.0694035	0.1318000	0.209637	0.324983	0.512665	0.744543	0.964094	1.106690	1.129220	1.036630	0.878043	0.724052	0.591298	0.472084	0.359052	0.2544140	0.1660150	0.0994605	0.0547261	0.02764530	0.01278330	0.005381790	0.002049360	7.01345e-04	2.14529e-04	7.62063e-05	#_91        
   92	1	1	0	0	1000	0.003099320	0.00828475	0.00604613	0.02881350	0.08523620	0.0989745	0.0845054	0.1236710	0.185544	0.268899	0.401115	0.578723	0.792846	1.000410	1.125460	1.118470	0.995734	0.832611	0.668996	0.520346	0.389440	0.2759390	0.1818850	0.1101590	0.0609215	0.03069000	0.01406470	0.005851610	0.002202770	7.47003e-04	2.27150e-04	8.04739e-05	#_92        
   93	1	1	0	0	1000	0.004714300	0.01246070	0.00558169	0.01348000	0.04288700	0.0749054	0.1492030	0.2721920	0.323880	0.318337	0.367946	0.482993	0.641459	0.824108	0.984268	1.059850	1.019040	0.901624	0.745110	0.581016	0.429983	0.3011970	0.1977120	0.1200990	0.0667930	0.03377250	0.01546530	0.006399810	0.002388860	8.02507e-04	2.41939e-04	8.50530e-05	#_93        
   94	1	1	0	0	1000	0.005865410	0.01551820	0.00732302	0.01976410	0.05897120	0.0751925	0.0913151	0.1758540	0.311288	0.473389	0.593675	0.618595	0.629684	0.705512	0.822838	0.916071	0.934696	0.882407	0.769908	0.621444	0.466376	0.3266220	0.2132460	0.1290220	0.0717324	0.03634530	0.01667600	0.006899290	0.002567040	8.57354e-04	2.56585e-04	8.93584e-05	#_94        
   95	1	1	0	0	1000	0.031667400	0.08340650	0.02986520	0.02477480	0.07217830	0.0942665	0.1163580	0.1957720	0.271111	0.360346	0.522399	0.701348	0.805087	0.816049	0.798874	0.803632	0.810663	0.793463	0.728232	0.616246	0.478839	0.3419980	0.2248820	0.1360690	0.0755021	0.03821270	0.01753660	0.007259870	0.002700570	9.00203e-04	2.68380e-04	9.28111e-05	#_95        
   96	1	1	0	0	1000	0.004047090	0.01119610	0.01758970	0.11935700	0.35051000	0.3810010	0.2304140	0.2361150	0.305772	0.371626	0.468409	0.582216	0.703501	0.800358	0.824435	0.782157	0.720276	0.673310	0.621810	0.543704	0.438752	0.3234370	0.2172550	0.1329500	0.0740813	0.03751270	0.01720540	0.007119490	0.002647640	8.82028e-04	2.62558e-04	9.04307e-05	#_96        
   97	1	1	0	0	1000	0.006975430	0.01841200	0.00762516	0.01507250	0.05670420	0.1615880	0.4606280	0.8626910	0.922091	0.677956	0.536979	0.543875	0.592809	0.646375	0.680136	0.670744	0.618595	0.556599	0.495335	0.429215	0.351895	0.2664210	0.1837370	0.1147660	0.0648014	0.03304580	0.01520090	0.006294900	0.002340940	7.79672e-04	2.31994e-04	7.97992e-05	#_97        
   98	1	1	0	0	1000	0.005220440	0.01383950	0.00722664	0.02356490	0.06999980	0.0867306	0.1076430	0.2667530	0.628464	1.103370	1.344200	1.160930	0.837304	0.649389	0.585326	0.552792	0.509464	0.459191	0.403527	0.343407	0.279312	0.2129770	0.1494460	0.0952611	0.0547688	0.02830830	0.01313440	0.005464680	0.002036340	6.78577e-04	2.01860e-04	6.93586e-05	#_98        
   99	1	1	0	0	1000	0.002125620	0.00567790	0.00404549	0.01901820	0.05804250	0.0811026	0.1165140	0.2076610	0.306637	0.490199	0.871199	1.301550	1.464440	1.255360	0.898760	0.630629	0.486825	0.411845	0.355562	0.299826	0.241869	0.1837940	0.1295620	0.0835523	0.0487693	0.02558940	0.01202340	0.005048760	0.001892530	6.32712e-04	1.88475e-04	6.47546e-05	#_99        
  100	1	1	0	0	1000	0.004422220	0.01167040	0.00476537	0.00860027	0.02715690	0.0471791	0.0962008	0.1929440	0.288698	0.398867	0.574692	0.834926	1.160250	1.392180	1.344590	1.050090	0.716432	0.492357	0.367884	0.291254	0.229842	0.1733130	0.1220070	0.0789922	0.0465047	0.02468300	0.01174070	0.004985970	0.001886260	6.34887e-04	1.89966e-04	6.54520e-05	#_100       
-9999	0	0	0	0	   0	0.000000000	0.00000000	0.00000000	0.00000000	0.00000000	0.0000000	0.0000000	0.0000000	0.000000	0.000000	0.000000	0.000000	0.000000	0.000000	0.000000	0.000000	0.000000	0.000000	0.000000	0.000000	0.000000	0.0000000	0.0000000	0.0000000	0.0000000	0.00000000	0.00000000	0.000000000	0.000000000	0.00000e+00	0.00000e+00	0.00000e+00	#_terminator
30 #_N_agebins
#
#_agebin_vector
1 2 3 4 5 6 7 8 9 10 11 12 13 14 15 16 17 18 19 20 21 22 23 24 25 26 27 28 29 30 #_agebin_vector
#
#_ageing_error
1 #_N_ageerror_definitions
#_age0	age1	age2	age3	age4	age5	age6	age7	age8	age9	age10	age11	age12	age13	age14	age15	age16	age17	age18	age19	age20	age21	age22	age23	age24	age25	age26	age27	age28	age29	age30
-1.000	-1.000	-1.000	-1.000	-1.000	-1.000	-1.000	-1.000	-1.000	-1.000	-1.000	-1.000	-1.000	-1.000	-1.000	-1.000	-1.000	-1.000	-1.000	-1.000	-1.000	-1.000	-1.000	-1.000	-1.000	-1.000	-1.000	-1.000	-1.000	-1.000	-1.000	#_1
 0.001	 0.001	 0.001	 0.001	 0.001	 0.001	 0.001	 0.001	 0.001	 0.001	 0.001	 0.001	 0.001	 0.001	 0.001	 0.001	 0.001	 0.001	 0.001	 0.001	 0.001	 0.001	 0.001	 0.001	 0.001	 0.001	 0.001	 0.001	 0.001	 0.001	 0.001	#_2
#
#_age_info
#_mintailcomp	addtocomp	combine_M_F	CompressBins	CompError	ParmSelect	minsamplesize
-1	1e-10	0	0	0	0	1	#_Fishery
-1	1e-10	0	0	0	0	1	#_Survey 
3 #_Lbin_method: 1=poplenbins; 2=datalenbins; 3=lengths
 #_combine males into females at or below this bin number
#_Yr	Seas	FltSvy	Gender	Part	Ageerr	Lbin_lo	Lbin_hi	Nsamp	a1	a2	a3	a4	a5	a6	a7	a8	a9	a10	a11	a12	a13	a14	a15	a16	a17	a18	a19	a20	a21	a22	a23	a24	a25	a26	a27	a28	a29	a30
    1	1	1	0	0	1	-1	-1	100	0.061636151	0.00159209	0.07588719	0.23874868	0.0807319	0.0828400	0.051722529	0.06077187	0.044011315	4.14517e-03	0.008643155	5.73573e-02	1.81412e-03	4.27748e-02	6.13311e-02	5.55065e-03	1.36868e-02	1.65430e-02	 7.19004e-03	 2.57677e-02	 5.25641e-03	 1.70440e-06	 2.59204e-07	 2.62840e-04	 9.90801e-03	 1.67283e-07	 8.70677e-03	 5.97212e-03	 5.78457e-11	 2.71462e-02	#_1         
    2	1	1	0	0	1	-1	-1	100	0.049831245	0.06507434	0.00994491	0.10330251	0.1782206	0.0276745	0.080717208	0.07175330	0.003003659	4.28271e-02	0.013507458	1.96888e-02	4.48150e-02	1.98120e-04	2.75496e-02	1.02126e-01	2.11684e-02	1.71597e-02	 1.97473e-02	 3.02425e-02	 2.14362e-02	 1.85131e-03	 9.25077e-03	 3.85246e-16	 4.54501e-03	 1.25744e-02	 4.92066e-03	 2.81365e-03	 7.68043e-03	 6.37498e-03	#_2         
    3	1	1	0	0	1	-1	-1	100	0.014463977	0.06592451	0.20775302	0.00921800	0.0728323	0.2363147	0.023854389	0.06641165	0.035846171	1.76040e-02	0.048348000	8.05183e-03	8.81620e-03	5.18616e-02	2.51859e-03	1.73323e-02	5.13368e-02	1.42593e-02	 6.81733e-03	 7.47500e-03	 3.93743e-04	 1.98356e-02	 5.30941e-05	 1.39278e-11	 9.55125e-14	 3.04962e-03	 4.49907e-03	 1.86760e-06	 1.38980e-04	 4.98830e-03	#_3         
    4	1	1	0	0	1	-1	-1	100	0.009719129	0.00982100	0.05040168	0.21609299	0.0535039	0.0994615	0.182072033	0.01551666	0.020898165	2.72756e-02	0.014450790	4.56825e-02	3.36996e-03	2.71306e-02	2.10946e-02	1.22482e-03	1.81507e-02	9.88463e-02	 2.51309e-04	 9.35017e-03	 8.45269e-03	 7.09607e-03	 3.74805e-02	 1.66202e-03	 2.11298e-04	 2.90336e-08	 1.24739e-03	 1.16124e-02	 4.26976e-12	 7.92324e-03	#_4         
    5	1	1	0	0	1	-1	-1	100	0.016731066	0.02981561	0.05537958	0.15385284	0.2130306	0.0480288	0.123286966	0.07342599	0.000578759	7.38426e-02	0.030287702	9.02862e-03	1.19189e-02	2.59731e-03	2.42422e-02	2.49412e-02	4.27591e-04	2.82517e-03	 4.26835e-02	 1.31705e-03	 1.92942e-04	 1.60120e-02	 2.46930e-02	 9.13079e-05	 1.46947e-03	 4.46294e-05	 4.60465e-07	 9.33600e-04	 1.20512e-02	 6.26941e-03	#_5         
    6	1	1	0	0	1	-1	-1	100	0.015242519	0.05238563	0.05611535	0.05590583	0.1971903	0.1971932	0.022662809	0.03192694	0.123212398	3.18235e-02	0.034562286	1.30470e-02	8.88057e-04	1.85960e-02	2.78696e-02	5.28962e-04	4.17249e-02	7.88182e-04	 1.61590e-02	 1.76431e-02	 2.99090e-05	 9.07020e-03	 1.20538e-03	 6.86155e-07	 1.19574e-02	 3.15056e-05	 3.55822e-04	 1.53213e-02	 1.20036e-04	 6.44212e-03	#_6         
    7	1	1	0	0	1	-1	-1	100	0.003322002	0.06965293	0.08345465	0.09137733	0.0656555	0.1365703	0.202705647	0.00530815	0.031989321	1.15874e-01	0.028049973	2.07324e-02	2.09153e-02	3.37065e-03	1.48946e-02	4.94248e-04	1.17558e-03	1.27063e-02	 5.50817e-04	 4.65813e-03	 2.31279e-02	 3.70115e-03	 1.58035e-04	 1.41812e-02	 2.28596e-04	 2.08795e-03	 2.40896e-02	 7.47561e-05	 3.01998e-05	 1.88625e-02	#_7         
    8	1	1	0	0	1	-1	-1	100	0.012945174	0.04177457	0.05977422	0.12952628	0.1471804	0.0331221	0.091692869	0.16924715	0.033408014	4.73628e-02	0.061472000	9.67302e-03	1.91651e-02	3.49520e-03	1.35406e-02	7.43803e-03	5.06254e-04	7.28649e-05	 4.23715e-02	 3.32304e-09	 3.55635e-03	 4.62798e-02	 3.32030e-03	 1.14142e-02	 2.08980e-04	 8.70999e-04	 1.57524e-03	 4.00646e-05	 9.81038e-05	 8.86790e-03	#_8         
    9	1	1	0	0	1	-1	-1	100	0.052737621	0.07856216	0.04927097	0.11935002	0.1258232	0.1548847	0.017646802	0.11511566	0.131678003	1.56654e-02	0.016045199	4.27514e-02	4.40453e-03	8.21905e-03	1.88287e-02	3.63276e-03	2.07739e-03	1.69141e-09	 9.17636e-03	 7.99531e-03	 2.64920e-07	 2.67148e-04	 1.14709e-02	 4.08766e-04	 1.33768e-04	 5.31125e-03	 1.95736e-03	 5.17471e-03	 4.79811e-09	 1.41067e-03	#_9         
   10	1	1	0	0	1	-1	-1	100	0.000740661	0.02567979	0.09893748	0.14953259	0.1610257	0.1130343	0.132039653	0.02721231	0.065431768	1.10789e-01	0.002433620	1.29987e-02	3.30595e-02	3.45318e-03	8.68718e-04	3.64166e-03	2.58531e-03	5.90732e-04	 7.53097e-04	 1.89258e-03	 1.94841e-03	 9.22506e-05	 1.44921e-04	 3.88022e-02	 6.38807e-03	 9.42959e-04	 1.24584e-04	 1.22366e-06	 1.16035e-06	 4.85372e-03	#_10        
   11	1	1	0	0	1	-1	-1	100	0.041634064	0.00451532	0.02713223	0.08801506	0.1196722	0.1452944	0.158136384	0.06598122	0.062550462	6.24747e-02	0.062353861	8.86963e-03	1.95815e-02	3.43892e-02	8.60278e-03	8.73116e-03	5.03763e-06	6.51959e-03	 4.96864e-03	 5.09315e-04	 1.12911e-02	 5.15940e-03	 2.82365e-12	 1.11924e-02	 1.55366e-02	 1.15867e-03	 9.98423e-03	 2.30495e-04	 6.22623e-08	 1.55102e-02	#_11        
   12	1	1	0	0	1	-1	-1	100	0.007020020	0.07875444	0.03814920	0.09874089	0.1010203	0.1300193	0.094139668	0.07900083	0.065506030	7.37871e-03	0.104225629	7.15895e-02	1.04829e-02	3.17818e-02	2.58262e-02	1.36312e-02	2.90208e-03	1.27800e-02	 1.03343e-05	 3.89754e-03	 8.03374e-05	 1.13070e-03	 2.01449e-04	 1.77119e-03	 4.87506e-03	 1.13004e-02	 6.01206e-09	 1.21603e-04	 7.31360e-04	 2.93138e-03	#_12        
   13	1	1	0	0	1	-1	-1	100	0.046950796	0.00623908	0.02508576	0.04755180	0.0311864	0.1470548	0.095905954	0.12876092	0.157036157	5.71664e-02	0.029270980	5.01369e-02	8.39911e-02	1.14484e-02	8.51424e-03	1.61223e-02	1.74683e-05	2.31567e-04	 8.28707e-03	 1.17781e-02	 5.24964e-04	 7.70041e-05	 7.30663e-05	 1.91179e-03	 4.62500e-04	 4.77201e-03	 1.90004e-02	 2.60171e-06	 2.53062e-03	 7.90893e-03	#_13        
   14	1	1	0	0	1	-1	-1	100	0.008296082	0.00228746	0.04051420	0.12087410	0.0809633	0.0601626	0.101840113	0.09879110	0.078367233	7.96743e-02	0.070130223	2.95635e-02	2.31315e-02	4.83146e-02	1.41734e-03	3.86088e-02	4.44785e-02	3.32816e-05	 6.35231e-03	 1.70682e-02	 5.21937e-04	 1.16807e-03	 3.74996e-04	 1.81695e-02	 5.49184e-04	 4.59093e-06	 6.56664e-04	 1.46397e-02	 1.68283e-04	 1.28784e-02	#_14        
   15	1	1	0	0	1	-1	-1	100	0.056670523	0.01447135	0.02815988	0.05033478	0.0705392	0.0514518	0.051650263	0.10348849	0.151933639	8.68637e-02	0.043354112	6.21196e-02	9.97638e-03	5.99324e-02	3.99272e-02	3.74481e-03	1.57457e-03	5.24421e-02	 4.70986e-08	 7.12066e-03	 2.04019e-03	 1.50158e-02	 9.81376e-03	 9.07811e-07	 4.99702e-04	 6.91072e-03	 3.59976e-20	 1.41720e-05	 3.93808e-03	 1.60110e-02	#_15        
   16	1	1	0	0	1	-1	-1	100	0.009637948	0.19490153	0.01251082	0.12330470	0.0758341	0.0231718	0.020340809	0.08341566	0.059913605	6.11590e-02	0.073296148	7.30242e-02	3.85679e-02	1.06991e-02	3.24505e-02	2.03266e-02	5.05130e-03	1.49630e-03	 1.47633e-02	 1.63702e-02	 4.55028e-04	 7.29374e-03	 2.58217e-06	 2.44283e-04	 1.37821e-09	 1.27100e-02	 2.39099e-05	 6.93295e-20	 3.94972e-07	 2.90344e-02	#_16        
   17	1	1	0	0	1	-1	-1	100	0.001044445	0.07443629	0.27562098	0.02179294	0.0498375	0.0461707	0.056930979	0.02438213	0.056041954	8.06099e-02	0.075409631	2.05417e-02	4.37755e-02	3.21447e-02	2.81612e-03	4.65324e-02	2.19184e-02	6.32292e-06	 2.11855e-02	 2.30282e-02	 8.39559e-06	 1.14109e-03	 3.33644e-04	 7.04580e-04	 3.45168e-03	 5.35660e-05	 9.73886e-08	 1.22387e-05	 1.22680e-05	 2.00561e-02	#_17        
   18	1	1	0	0	1	-1	-1	100	0.005705945	0.00364119	0.12956265	0.44390877	0.0615667	0.0409307	0.026070817	0.01529089	0.035821926	2.25990e-02	0.036074448	2.52941e-02	2.42992e-02	6.90577e-03	1.19812e-02	5.79233e-03	4.56352e-02	3.92247e-02	 3.72766e-03	 4.92097e-03	 3.45902e-03	 2.41296e-11	 8.91493e-08	 8.48732e-04	 9.74253e-04	 7.44401e-08	 1.40488e-13	 3.12384e-04	 1.37688e-03	 4.07438e-03	#_18        
   19	1	1	0	0	1	-1	-1	100	0.005957227	0.00231900	0.01646392	0.12465287	0.3499990	0.0155937	0.042699939	0.04396713	0.058063182	3.26426e-02	0.033277645	4.36375e-02	3.62164e-02	1.38493e-02	4.49715e-02	4.20916e-02	6.19260e-03	1.81475e-02	 5.81958e-02	 1.09999e-03	 5.54248e-04	 1.75580e-03	 2.39449e-13	 8.21425e-05	 1.00194e-06	 1.85726e-04	 2.22755e-05	 4.29478e-15	 3.25087e-03	 4.10937e-03	#_19        
   20	1	1	0	0	1	-1	-1	100	0.002206299	0.01543225	0.03523859	0.02544518	0.1693848	0.4015926	0.004975615	0.03892115	0.013954751	9.40130e-03	0.013398744	1.90868e-02	2.67557e-02	6.48114e-02	2.69491e-02	1.35590e-02	1.21037e-02	4.30766e-03	 1.63409e-02	 6.54264e-02	 5.71248e-05	 6.53391e-03	 4.62243e-03	 5.16986e-16	 5.74151e-04	 3.49728e-05	 5.63668e-06	 2.54494e-10	 6.00190e-10	 8.87967e-03	#_20        
   21	1	1	0	0	1	-1	-1	100	0.000939693	0.05486321	0.03499461	0.07552484	0.0110753	0.1676278	0.287066110	0.02081086	0.062579833	4.80772e-02	0.027279874	1.70245e-02	2.78993e-02	1.60331e-02	1.72229e-02	3.48527e-02	2.41008e-02	1.53751e-02	 5.67409e-04	 2.26425e-02	 1.90241e-02	 3.01758e-04	 4.04947e-04	 2.05823e-03	 1.78014e-07	 8.16648e-09	 1.07259e-06	 7.55871e-06	 3.53207e-04	 1.12913e-02	#_21        
   22	1	1	0	0	1	-1	-1	100	0.008761085	0.01266274	0.15854680	0.07195047	0.0686750	0.0217920	0.141550301	0.21079044	0.007888344	4.05691e-02	0.002377999	4.00133e-02	2.31572e-02	4.95787e-03	3.74260e-02	5.40945e-03	4.16516e-02	2.46960e-02	 1.56164e-02	 1.94577e-03	 1.47614e-02	 3.99204e-02	 1.26243e-04	 2.37071e-05	 7.38583e-04	 1.69856e-03	 2.54437e-05	 2.02826e-03	 5.28929e-40	 2.39459e-04	#_22        
   23	1	1	0	0	1	-1	-1	100	0.001961274	0.01826379	0.08175874	0.12124223	0.0517215	0.0566642	0.020494345	0.13932718	0.262327515	5.94158e-03	0.026976171	2.29370e-02	2.38125e-02	1.17867e-02	2.86540e-02	2.77097e-02	4.21414e-02	9.37854e-03	 1.28927e-02	 1.49878e-03	 2.53177e-04	 5.84616e-04	 6.84174e-03	 5.85771e-03	 7.26410e-06	 3.87744e-03	 1.15686e-04	 5.99538e-07	 2.53076e-04	 1.47190e-02	#_23        
   24	1	1	0	0	1	-1	-1	100	0.008071833	0.02201351	0.10337068	0.06417658	0.1859839	0.0307261	0.083453757	0.02636398	0.090778501	2.18667e-01	0.007566526	5.68705e-03	1.75195e-02	6.14475e-03	8.07174e-03	7.85047e-03	2.97478e-02	1.11176e-02	 4.21991e-03	 1.08648e-02	 3.04153e-02	 5.42024e-07	 7.03741e-04	 1.47373e-02	 9.44762e-07	 5.94354e-08	 7.88133e-03	 1.85667e-24	 1.01758e-04	 3.76322e-03	#_24        
   25	1	1	0	0	1	-1	-1	100	0.073066177	0.02880932	0.08591024	0.08073418	0.0730594	0.1380649	0.040298684	0.03811055	0.010444826	7.03104e-02	0.196610181	2.40361e-02	3.01170e-02	7.28470e-03	8.75021e-03	4.28304e-03	9.95557e-03	1.38663e-03	 1.49718e-02	 9.22583e-03	 5.79391e-03	 2.04563e-02	 1.07368e-04	 2.15156e-04	 1.08147e-02	 2.16755e-06	 1.33640e-04	 4.98377e-06	 9.66717e-09	 1.70421e-02	#_25        
   26	1	1	0	0	1	-1	-1	100	0.011912822	0.10597247	0.04798724	0.07256667	0.0921598	0.0358920	0.120640934	0.02870522	0.019690179	1.40824e-02	0.129676468	1.35622e-01	4.22723e-04	1.17823e-02	2.52272e-02	1.91096e-02	6.46785e-03	4.31313e-02	 3.86207e-02	 9.22740e-04	 6.16884e-03	 4.09263e-03	 1.67106e-02	 4.54945e-03	 5.29360e-04	 2.40489e-03	 2.57819e-17	 1.53012e-05	 3.00378e-03	 1.93215e-03	#_26        
   27	1	1	0	0	1	-1	-1	100	0.038616392	0.04183655	0.13168857	0.07721137	0.1067937	0.0770191	0.052658440	0.08686017	0.051565791	1.73524e-02	0.017620369	7.20156e-02	9.83199e-02	3.02883e-05	9.29764e-03	1.22905e-02	6.27610e-03	1.32274e-02	 5.79641e-03	 4.10352e-03	 7.62847e-03	 9.56965e-03	 1.75434e-02	 5.60533e-03	 1.02234e-07	 4.61035e-04	 2.36402e-03	 3.24777e-03	 2.61811e-14	 3.30001e-02	#_27        
   28	1	1	0	0	1	-1	-1	100	0.001050083	0.07206714	0.02663968	0.21317401	0.0821511	0.0720923	0.062375656	0.08769493	0.081233544	2.64090e-02	0.020978920	1.33222e-03	6.85529e-02	8.46503e-02	1.25582e-03	2.47956e-03	1.37610e-03	6.08118e-03	 2.82214e-04	 6.72780e-03	 3.34685e-02	 3.75272e-03	 2.06346e-02	 2.33697e-03	 1.54071e-03	 2.73324e-05	 3.00437e-04	 1.22695e-02	 4.42346e-03	 2.64124e-03	#_28        
   29	1	1	0	0	1	-1	-1	100	0.003618915	0.01537184	0.17337776	0.03390909	0.2998453	0.0797643	0.052919714	0.11240532	0.016416519	2.94808e-02	0.032665848	6.12874e-03	4.11987e-04	3.10668e-02	3.86437e-02	1.72964e-03	2.32480e-02	2.90326e-03	 9.20459e-04	 5.85621e-04	 5.21043e-03	 1.41619e-02	 6.51730e-03	 1.13339e-02	 2.19066e-03	 1.63144e-05	 7.15340e-09	 2.42677e-04	 1.99436e-04	 4.71374e-03	#_29        
   30	1	1	0	0	1	-1	-1	100	0.016060488	0.01697331	0.01674270	0.24170443	0.0307977	0.1992089	0.051931051	0.03277564	0.037750634	2.92728e-02	0.089170456	2.16936e-02	4.68670e-04	7.42011e-04	4.86554e-02	9.39642e-02	4.32254e-04	5.72327e-04	 1.62020e-04	 1.11734e-03	 2.30892e-03	 4.65681e-03	 3.66041e-04	 3.73364e-02	 1.34392e-03	 9.87413e-05	 5.45978e-06	 1.79906e-05	 6.17561e-06	 2.36635e-02	#_30        
   31	1	1	0	0	1	-1	-1	100	0.003308150	0.03200366	0.09941114	0.00453093	0.2851568	0.0602915	0.164138642	0.02877857	0.034755643	5.93268e-02	0.008896159	3.39082e-02	1.35062e-02	3.68559e-02	1.37848e-03	2.34009e-02	6.95362e-02	5.06928e-03	 4.18189e-03	 9.39474e-04	 1.68404e-05	 8.74463e-03	 9.60557e-03	 1.48857e-05	 1.52074e-03	 1.78246e-04	 4.18346e-09	 3.30366e-03	 3.23150e-03	 4.00935e-03	#_31        
   32	1	1	0	0	1	-1	-1	100	0.010962714	0.06732143	0.04843777	0.08732541	0.0105254	0.2269813	0.041333308	0.18422637	0.039873464	3.18985e-02	0.066879596	3.58877e-02	2.12614e-02	3.21059e-02	1.19230e-03	5.68926e-03	2.60326e-02	3.47250e-02	 2.31230e-04	 3.19313e-04	 2.09660e-04	 1.65654e-03	 1.60573e-05	 7.55721e-03	 6.15949e-05	 1.72974e-04	 9.08761e-06	 1.51014e-03	 4.45295e-03	 1.11438e-02	#_32        
   33	1	1	0	0	1	-1	-1	100	0.004614694	0.05930219	0.06942975	0.08293730	0.1287620	0.0358828	0.195379735	0.01720552	0.118318674	1.37387e-02	0.029869381	3.00647e-02	5.73526e-02	2.73256e-02	1.86851e-04	3.37067e-03	4.21596e-03	5.36151e-02	 4.09079e-02	 2.00593e-10	 1.54122e-03	 5.95340e-06	 1.32383e-03	 8.19784e-05	 7.91196e-06	 8.84018e-04	 8.25805e-04	 1.01497e-02	 2.02055e-04	 1.24975e-02	#_33        
   34	1	1	0	0	1	-1	-1	100	0.013641701	0.04299364	0.06337257	0.05557788	0.0814428	0.1296610	0.028031104	0.24458809	0.052097550	7.65057e-02	0.010143409	4.92451e-02	4.23284e-02	5.86792e-03	1.41765e-02	1.86148e-03	3.22501e-03	2.26313e-02	 1.01081e-02	 3.72038e-02	 7.58615e-08	 2.37441e-03	 1.52501e-06	 6.23497e-05	 8.97977e-03	 1.67297e-04	 1.14081e-03	 3.94826e-04	 2.34492e-04	 1.94146e-03	#_34        
   35	1	1	0	0	1	-1	-1	100	0.014315213	0.01486317	0.02533360	0.08863320	0.1800064	0.0531156	0.102933416	0.09814458	0.170602866	1.98192e-02	0.045503002	2.67082e-02	3.06369e-02	1.43380e-02	2.48511e-02	1.78118e-02	2.19930e-04	2.15042e-02	 1.65662e-03	 2.88238e-02	 1.25092e-02	 3.01613e-12	 3.77801e-06	 1.62720e-03	 4.09121e-09	 7.81255e-05	 1.48756e-07	 6.71992e-05	 2.45529e-04	 5.64812e-03	#_35        
   36	1	1	0	0	1	-1	-1	100	0.000667421	0.01876681	0.09209467	0.05976986	0.1441962	0.0632062	0.136812850	0.10122309	0.025344723	1.37987e-01	0.007154108	7.49168e-02	1.97891e-02	2.99161e-03	4.05193e-03	3.41344e-03	1.96688e-03	3.24919e-02	 1.04132e-02	 6.67390e-04	 1.88790e-02	 1.57945e-02	 3.10836e-03	 6.19987e-03	 3.03229e-04	 6.90677e-09	 4.76358e-03	 3.04038e-03	 1.58420e-04	 9.82710e-03	#_36        
   37	1	1	0	0	1	-1	-1	100	0.012953692	0.00210000	0.03332125	0.12515096	0.0376993	0.1488081	0.076902494	0.10728463	0.071604732	1.00249e-02	0.085423123	1.07701e-02	6.15160e-02	9.01731e-02	2.41125e-02	1.86810e-02	3.61862e-03	2.78788e-02	 1.11464e-03	 5.15984e-03	 7.80917e-04	 1.53433e-02	 5.41202e-03	 2.01004e-05	 3.86703e-03	 1.67379e-21	 7.93253e-10	 2.49660e-04	 1.59869e-03	 1.84305e-02	#_37        
   38	1	1	0	0	1	-1	-1	100	0.016690301	0.05717298	0.05386832	0.06187964	0.0943381	0.0989356	0.073894365	0.05408779	0.070889747	5.37065e-02	0.012725128	1.18840e-01	2.27538e-02	6.37744e-02	6.53109e-02	4.41027e-03	1.26835e-02	1.24036e-03	 7.38300e-03	 4.17589e-03	 1.68587e-02	 2.27680e-03	 9.31260e-03	 1.21495e-02	 3.76593e-05	 1.65939e-10	 3.05959e-07	 5.03591e-07	 1.40548e-09	 1.06039e-02	#_38        
   39	1	1	0	0	1	-1	-1	100	0.007020148	0.03034899	0.20814758	0.03930219	0.0828867	0.1398047	0.027067998	0.09884776	0.086563832	8.21470e-02	0.032992869	1.02086e-03	5.30685e-02	4.02472e-02	2.47723e-02	3.68151e-03	9.70448e-03	8.47167e-03	 6.15395e-03	 2.28696e-03	 3.91105e-05	 2.41760e-03	 3.59294e-05	 5.64860e-03	 6.52531e-03	 1.11979e-06	 3.08612e-09	 2.71066e-13	 2.43082e-06	 7.92692e-04	#_39        
   40	1	1	0	0	1	-1	-1	100	0.033452095	0.07403751	0.10677251	0.13636071	0.0466768	0.0924003	0.065094028	0.10885700	0.068814146	4.72426e-02	0.041728826	4.78269e-02	3.35038e-03	2.81628e-02	7.31079e-03	2.11728e-02	1.40157e-02	5.59594e-04	 8.40836e-03	 3.75854e-05	 1.54373e-02	 6.92758e-05	 2.77036e-04	 2.26744e-07	 2.42084e-02	 4.83910e-03	 4.26938e-14	 1.57613e-06	 1.56299e-09	 2.88568e-03	#_40        
   41	1	1	0	0	1	-1	-1	100	0.069490231	0.10814019	0.10004335	0.19097736	0.1369680	0.0310724	0.013111117	0.05843321	0.037218388	5.51417e-02	0.035184191	1.83895e-02	2.40012e-02	1.25869e-03	6.67652e-02	2.17974e-02	1.54624e-02	3.98126e-04	 7.17712e-03	 4.37891e-04	 8.13278e-05	 7.71316e-03	 5.50424e-07	 1.09687e-07	 1.29117e-05	 6.26645e-08	 7.20740e-04	 1.89742e-37	 2.86862e-06	 6.02579e-07	#_41        
   42	1	1	0	0	1	-1	-1	100	0.014245054	0.22847312	0.15082318	0.13017769	0.1840450	0.0672014	0.046214275	0.00670684	0.014286507	1.15952e-02	0.026218386	4.14670e-02	5.57564e-03	5.17755e-03	7.21465e-07	1.03910e-02	4.75595e-04	4.78366e-02	 8.75289e-04	 2.02947e-05	 2.08500e-03	 2.51120e-03	 1.13786e-03	 1.58343e-10	 1.05628e-06	 1.74799e-27	 8.43783e-13	 2.39434e-03	 2.88397e-17	 6.41025e-05	#_42        
   43	1	1	0	0	1	-1	-1	100	0.004363853	0.02550085	0.35746963	0.21253439	0.0711235	0.1408374	0.027113381	0.02315354	0.006628640	3.79394e-03	0.005510431	1.08526e-02	2.56782e-02	2.77838e-02	6.81071e-03	4.54333e-05	1.82713e-02	1.27205e-03	 6.03355e-03	 1.23974e-05	 1.91907e-06	 4.77837e-08	 8.68070e-12	 1.58537e-04	 2.23405e-13	 4.21868e-07	 5.23454e-06	 4.25365e-06	 2.23121e-02	 2.72782e-03	#_43        
   44	1	1	0	0	1	-1	-1	100	0.011852217	0.00758123	0.02890546	0.41723639	0.1798189	0.0694359	0.110761039	0.06573449	0.001715211	4.41723e-04	0.017632477	1.62779e-03	9.63718e-03	1.73994e-02	5.65726e-04	1.25068e-03	8.07114e-22	3.13210e-02	 7.84910e-03	 1.73119e-02	 8.99379e-06	 6.19172e-06	 4.29046e-04	 1.82772e-18	 3.60923e-04	 5.02125e-10	 1.30665e-11	 1.07194e-03	 7.55136e-11	 4.49436e-05	#_44        
   45	1	1	0	0	1	-1	-1	100	0.002619150	0.07619784	0.00382784	0.08979258	0.3491120	0.1791087	0.039325062	0.05170642	0.148547755	9.64581e-03	0.006328604	3.66294e-03	2.58243e-03	2.29977e-02	6.43895e-03	5.68152e-07	4.16115e-04	1.50362e-26	 1.40559e-03	 1.95925e-05	 4.51907e-03	 1.41918e-03	 1.78757e-07	 2.39924e-07	 1.08974e-06	 3.21376e-04	 4.58963e-21	 1.04144e-15	 9.45792e-28	 3.24125e-06	#_45        
   46	1	1	0	0	1	-1	-1	100	0.000842504	0.05883106	0.17838966	0.02368680	0.0582757	0.3252435	0.144652145	0.03715594	0.041365502	3.04725e-02	0.003557452	2.28819e-02	9.13985e-05	1.35298e-02	1.06999e-02	5.19547e-05	8.86741e-03	5.40472e-05	 4.50060e-04	 2.70343e-02	 1.87599e-04	 4.01830e-03	 6.90166e-07	 3.84751e-08	 1.40843e-03	 8.09453e-03	 2.69917e-08	 1.66608e-13	 1.04344e-15	 1.56897e-04	#_46        
   47	1	1	0	0	1	-1	-1	100	0.043898220	0.02266686	0.05548315	0.27697215	0.0314278	0.0602893	0.316846284	0.06622427	0.025243370	1.97975e-02	0.011990759	2.97669e-02	6.06602e-03	4.84188e-03	1.50557e-02	1.63728e-04	6.71900e-06	1.04801e-02	 6.71456e-04	 1.87573e-05	 1.79445e-03	 1.14828e-12	 2.93585e-04	 4.11968e-11	 8.10590e-07	 1.52096e-10	 4.44303e-12	 2.02962e-07	 5.05020e-18	 3.22387e-08	#_47        
   48	1	1	0	0	1	-1	-1	100	0.013546054	0.09666855	0.07858923	0.05378474	0.2787362	0.0107936	0.086781721	0.22775635	0.073914022	1.30578e-02	0.028060421	5.40263e-03	6.29413e-03	9.40456e-04	1.54803e-03	2.40248e-03	1.31222e-02	4.47581e-04	 6.95873e-13	 3.35416e-03	 2.38898e-03	 1.86728e-04	 7.57785e-04	 1.45141e-03	 1.14857e-07	 1.06423e-07	 1.53955e-20	 1.61418e-26	 1.43121e-51	 1.44240e-05	#_48        
   49	1	1	0	0	1	-1	-1	100	0.001358354	0.04228459	0.22571526	0.09133282	0.0477079	0.3238710	0.000670371	0.01767536	0.172273549	1.02789e-02	0.004757089	1.28205e-02	2.91200e-02	6.80348e-06	3.38299e-03	1.52208e-02	8.25429e-04	3.97545e-07	 4.19760e-04	 1.06574e-05	 3.55362e-06	 5.61951e-26	 1.16299e-11	 6.35136e-19	 1.00608e-06	 3.55089e-13	 3.19368e-17	 1.94695e-31	 3.33634e-45	 2.62938e-04	#_49        
   50	1	1	0	0	1	-1	-1	100	0.027551472	0.01904584	0.20340412	0.28865039	0.0598850	0.0438561	0.152694944	0.00292601	0.032467648	6.04023e-02	0.050783053	2.56198e-02	1.14262e-02	7.95988e-03	2.15486e-09	3.73967e-03	9.37551e-10	1.15611e-04	 1.12768e-05	 2.22135e-03	 1.33327e-05	 8.95332e-04	 1.14826e-46	 4.87131e-05	 6.76850e-05	 2.69765e-03	 1.14008e-62	 3.28307e-26	 1.29358e-96	 3.51663e-03	#_50        
   51	1	1	0	0	1	-1	-1	100	0.023622333	0.12340340	0.02150099	0.13412536	0.2737946	0.0463838	0.043341450	0.11717246	0.004655555	3.21780e-02	0.099006564	4.37143e-02	2.58015e-03	2.06840e-03	7.22086e-04	1.06004e-02	5.67503e-13	1.29732e-03	 3.35677e-04	 4.53829e-03	 1.03970e-02	 2.96812e-17	 1.96353e-03	4.34325e-212	 2.59747e-03	 1.42672e-07	 7.97902e-07	 5.36951e-16	 1.50630e-23	 3.59760e-11	#_51        
   52	1	1	0	0	1	-1	-1	100	0.039274647	0.05731068	0.19927782	0.02658759	0.1227269	0.3195438	0.028305609	0.01636050	0.072505894	4.55833e-04	0.012205886	4.51772e-02	3.12911e-02	8.45951e-05	2.79735e-03	9.80503e-04	1.99379e-23	2.08674e-03	 8.33527e-06	 2.21980e-09	 2.11405e-02	 1.87693e-03	 7.60389e-07	 4.07799e-10	 2.47226e-08	 1.39889e-08	 1.17196e-29	 1.07692e-26	3.84457e-139	 8.55500e-07	#_52        
   53	1	1	0	0	1	-1	-1	100	0.044965759	0.08682810	0.20037068	0.14256201	0.0656652	0.0701515	0.214537045	0.00597720	0.005929034	6.69495e-02	0.000567048	6.71326e-04	6.29893e-02	7.05850e-03	7.36604e-03	5.60341e-03	9.27549e-03	1.58024e-12	 1.15338e-17	 4.34733e-06	 4.18069e-05	 4.64778e-23	 4.64463e-05	 1.72104e-04	 1.10070e-06	 1.72603e-41	 1.20933e-13	 3.36596e-24	 2.26712e-03	 4.79034e-17	#_53        
   54	1	1	0	0	1	-1	-1	100	0.014519621	0.16854211	0.15628088	0.14178101	0.1435889	0.0147379	0.058988757	0.18805335	0.007628324	1.02685e-02	0.059572689	4.49728e-09	1.66923e-02	1.87115e-03	2.98647e-03	3.16260e-05	5.75982e-06	9.75867e-05	 3.20786e-03	 1.26667e-04	 6.76519e-05	 6.74682e-06	 4.96951e-10	 4.27724e-32	 1.38074e-39	 5.45355e-21	 0.00000e+00	 7.86167e-19	 1.96688e-30	 1.09441e-02	#_54        
   55	1	1	0	0	1	-1	-1	100	0.028031829	0.06687826	0.17836793	0.16822334	0.1531622	0.1074786	0.048903694	0.05861873	0.115572520	6.43832e-03	0.017588181	4.41712e-03	3.09782e-04	9.74668e-04	2.77716e-02	1.47550e-02	1.28322e-04	6.15735e-04	 1.71408e-03	 2.09967e-13	 4.80474e-07	 3.95425e-36	 2.09079e-19	 1.85990e-20	 6.26757e-06	 1.32734e-57	 2.55928e-07	 3.08760e-78	 6.70157e-47	 4.30005e-05	#_55        
   56	1	1	0	0	1	-1	-1	100	0.022160670	0.12476288	0.10519508	0.25397816	0.1437007	0.0895337	0.121948993	0.03612260	0.026892397	4.31648e-02	0.001836729	2.43675e-03	1.26958e-02	1.15687e-07	5.30556e-04	3.83099e-03	3.03260e-03	3.51992e-03	 2.27718e-05	 1.15374e-15	 4.63371e-03	 4.41443e-91	 6.25721e-25	 1.05772e-37	 2.64743e-15	 9.60241e-50	 3.47858e-78	 1.45555e-45	 0.00000e+00	 2.16710e-54	#_56        
   57	1	1	0	0	1	-1	-1	100	0.069867076	0.08866641	0.24070033	0.12224427	0.1804403	0.0853143	0.061249971	0.06407499	0.011585065	1.42406e-02	0.026289393	2.51671e-03	1.03140e-02	5.59025e-03	2.60526e-11	9.87378e-05	1.66344e-02	1.79900e-06	 8.59891e-09	 1.58471e-04	 1.58534e-19	 1.08895e-58	 1.06162e-64	 4.70521e-27	2.14232e-168	 9.58550e-56	3.84574e-101	 1.29313e-05	1.41316e-102	 1.99356e-32	#_57        
   58	1	1	0	0	1	-1	-1	100	0.061599526	0.05496192	0.15027253	0.31879796	0.1779659	0.0844958	0.071828612	0.01760534	0.037341563	3.40225e-03	0.003931358	9.21791e-03	3.11935e-03	1.62204e-07	1.17112e-03	6.06545e-24	1.14485e-04	4.12910e-03	 7.34667e-07	 4.38419e-05	 1.78393e-15	 2.36618e-15	1.14952e-170	 2.44112e-31	 3.86848e-40	 1.10293e-82	 2.18396e-34	2.47033e-145	8.94666e-177	 4.67313e-07	#_58        
   59	1	1	0	0	1	-1	-1	100	0.012554014	0.19114536	0.16123573	0.10405919	0.3072868	0.0545596	0.054883478	0.06588559	0.020610277	1.61090e-02	0.003006782	1.83250e-04	5.40432e-03	2.23903e-03	7.21081e-15	1.99753e-04	4.06775e-08	9.27320e-10	 6.37726e-04	 3.33618e-11	 5.66041e-15	 2.01863e-28	 5.21636e-22	 4.98050e-68	 0.00000e+00	 5.86514e-98	 2.43245e-81	 2.20864e-48	3.54394e-120	 1.37617e-21	#_59        
   60	1	1	0	0	1	-1	-1	100	0.013817467	0.10036105	0.28085207	0.17065130	0.0818309	0.1187985	0.079314534	0.03544659	0.033571138	1.77914e-02	0.023718801	1.24500e-02	1.18377e-02	1.39839e-02	4.96691e-03	5.53943e-09	5.94870e-04	1.81650e-19	 4.02597e-09	 4.37388e-18	 2.49552e-29	 2.86896e-17	 2.08469e-88	 4.31057e-26	 1.28484e-05	9.54942e-133	 1.91562e-86	 1.34125e-15	 1.64497e-79	 1.41145e-87	#_60        
   61	1	1	0	0	1	-1	-1	100	0.083051868	0.05066833	0.15609568	0.27825792	0.1833135	0.0579865	0.121479093	0.03449137	0.012489387	1.12177e-02	0.001824769	1.40268e-03	3.34743e-07	2.82087e-03	2.85129e-03	1.70612e-03	1.16481e-24	1.87787e-06	 3.40656e-04	 4.84797e-98	 5.83942e-12	 1.64318e-08	 2.10786e-21	 5.39410e-64	 2.78642e-17	7.38622e-280	3.35253e-110	 0.00000e+00	 3.38998e-72	2.92996e-122	#_61        
   62	1	1	0	0	1	-1	-1	100	0.035032959	0.26477190	0.11144763	0.14199210	0.2114667	0.1341416	0.025146127	0.05081005	0.006600636	6.26120e-03	0.000400462	8.81017e-03	3.34287e-04	1.48719e-04	1.12417e-03	1.31074e-03	1.42163e-04	2.11561e-08	 1.35276e-23	2.57957e-136	 7.99788e-58	 5.88167e-12	 2.51130e-50	1.35241e-153	4.07348e-135	 0.00000e+00	1.84476e-308	2.55214e-130	 0.00000e+00	 5.83701e-05	#_62        
   63	1	1	0	0	1	-1	-1	100	0.059992470	0.17328198	0.24134522	0.05207535	0.1028151	0.1560135	0.097397920	0.01638978	0.079321253	6.86169e-03	0.008021335	2.24709e-04	4.08601e-03	3.53041e-05	3.45779e-08	1.37151e-16	1.14040e-05	4.55367e-33	1.14230e-112	 2.12695e-03	1.42168e-185	 5.13980e-81	 1.07781e-10	2.12902e-122	1.68772e-126	4.36272e-148	 3.57929e-44	 9.08599e-60	 0.00000e+00	 0.00000e+00	#_63        
   64	1	1	0	0	1	-1	-1	100	0.037588649	0.04558385	0.18898531	0.32405853	0.0504804	0.1309690	0.107962257	0.04520997	0.005277065	1.05434e-02	0.004150553	1.61167e-02	2.77165e-02	1.76670e-05	5.31274e-03	3.09392e-12	6.90263e-28	2.73547e-05	 4.47330e-13	 5.96115e-23	 2.33892e-26	 0.00000e+00	1.41008e-173	 2.31214e-79	2.64806e-103	 0.00000e+00	1.57920e-144	3.92431e-119	 0.00000e+00	3.52036e-241	#_64        
   65	1	1	0	0	1	-1	-1	100	0.025217669	0.05037766	0.11046648	0.25491691	0.2384081	0.0505559	0.099202231	0.09136363	0.038810611	1.25734e-02	0.026184077	1.45704e-03	8.77880e-06	3.14570e-09	7.63558e-06	4.85415e-05	2.68693e-15	1.23843e-09	 2.85962e-10	 4.44993e-41	 1.35844e-87	 4.01321e-04	 8.99772e-93	 2.75004e-77	 2.23777e-72	 0.00000e+00	 1.46079e-84	1.72325e-158	 0.00000e+00	 0.00000e+00	#_65        
   66	1	1	0	0	1	-1	-1	100	0.063681914	0.02385228	0.16009262	0.16652947	0.2337029	0.2426038	0.009930849	0.03674253	0.042358500	1.74300e-03	0.001345088	7.56438e-04	4.16290e-03	1.13612e-02	1.31232e-07	6.92526e-04	4.33587e-04	1.74743e-45	 5.22037e-73	 1.02947e-05	6.54140e-114	3.64221e-152	9.50020e-111	 0.00000e+00	4.24658e-102	 1.45173e-87	 1.32826e-84	 0.00000e+00	3.50787e-321	4.04445e-301	#_66        
   67	1	1	0	0	1	-1	-1	100	0.055624938	0.20230179	0.01829507	0.10319555	0.1671835	0.2499028	0.129945676	0.00357147	0.024681013	2.31736e-02	0.019375344	6.08763e-05	2.31238e-03	1.85044e-07	1.05941e-07	7.32960e-06	4.59067e-10	1.62971e-05	 4.93712e-23	 3.52101e-04	 4.64036e-09	 0.00000e+00	 0.00000e+00	 7.26728e-31	 0.00000e+00	 0.00000e+00	 2.23365e-34	 2.75034e-54	 0.00000e+00	 3.04891e-97	#_67        
   68	1	1	0	0	1	-1	-1	100	0.169278474	0.04340150	0.23212481	0.04604477	0.1121796	0.0864380	0.147466693	0.09469366	0.013566717	7.37408e-03	0.028490423	1.02690e-03	1.74377e-02	9.86900e-06	3.65287e-04	9.70208e-05	9.64094e-10	3.32390e-08	 8.05406e-41	 2.42166e-06	 4.26487e-63	 5.19800e-09	 3.87472e-20	 2.64565e-16	 2.07824e-06	 0.00000e+00	 0.00000e+00	 1.93358e-46	 1.28555e-28	 0.00000e+00	#_68        
   69	1	1	0	0	1	-1	-1	100	0.022667410	0.24664718	0.03076735	0.33987074	0.0698612	0.0557090	0.061128706	0.08132874	0.060647200	5.66314e-05	0.007499013	9.77474e-03	1.40370e-02	9.54440e-07	7.76902e-07	2.01815e-53	3.07407e-06	1.68827e-14	 3.03738e-07	 2.34381e-94	8.83663e-113	 7.82869e-64	 1.19833e-35	 0.00000e+00	 0.00000e+00	9.03947e-107	 0.00000e+00	 0.00000e+00	 0.00000e+00	 0.00000e+00	#_69        
   70	1	1	0	0	1	-1	-1	100	0.034202048	0.15342800	0.34069858	0.05688606	0.2339598	0.0328048	0.010846848	0.01692426	0.038926862	4.17992e-02	0.016536471	3.25723e-03	6.61587e-03	1.00573e-02	1.90838e-03	3.50096e-09	9.73199e-04	1.67176e-04	 7.57968e-19	 7.95067e-06	 2.71295e-75	 0.00000e+00	 3.36882e-41	 0.00000e+00	 0.00000e+00	1.17138e-298	8.75099e-116	 0.00000e+00	 0.00000e+00	 0.00000e+00	#_70        
   71	1	1	0	0	1	-1	-1	100	0.022114423	0.04372943	0.17927025	0.42502227	0.0365156	0.1592676	0.028170635	0.02322661	0.034288323	1.76904e-02	0.007841896	1.17669e-02	9.59990e-03	1.00969e-03	4.86113e-04	1.49021e-21	2.71515e-12	3.27270e-26	 2.30512e-26	 7.32220e-43	 0.00000e+00	4.18181e-144	 0.00000e+00	 5.86786e-89	 1.12094e-99	 0.00000e+00	 0.00000e+00	 0.00000e+00	 0.00000e+00	 0.00000e+00	#_71        
   72	1	1	0	0	1	-1	-1	100	0.006644136	0.04412969	0.05057659	0.25311886	0.4513324	0.0294296	0.088894368	0.00565639	0.032396090	2.13869e-02	0.015009546	1.29461e-04	2.98169e-04	4.69708e-05	9.50635e-04	9.22617e-08	1.38046e-07	1.80180e-15	 1.03508e-18	 6.45746e-09	 5.14814e-61	6.97275e-191	 1.37142e-24	 0.00000e+00	 0.00000e+00	 1.75104e-94	 0.00000e+00	 0.00000e+00	7.48750e-100	 0.00000e+00	#_72        
   73	1	1	0	0	1	-1	-1	100	0.042164474	0.02006882	0.04760239	0.07449728	0.1861669	0.4169070	0.033923053	0.09723590	0.003067781	2.51312e-02	0.023458079	1.23554e-03	2.80703e-02	3.73402e-04	1.32402e-09	9.77636e-05	4.64417e-08	1.62443e-50	 2.49816e-11	 2.37425e-48	 1.30658e-65	2.49185e-192	 1.07970e-95	 1.05303e-24	 0.00000e+00	 0.00000e+00	1.56237e-257	 0.00000e+00	3.93291e-177	7.13230e-118	#_73        
   74	1	1	0	0	1	-1	-1	100	0.003170587	0.07007800	0.04945264	0.07817415	0.0731450	0.2786575	0.312807292	0.01267871	0.070706621	1.31475e-03	0.011194731	1.25077e-02	9.74979e-03	4.00322e-03	9.97835e-03	2.18101e-03	3.62380e-08	1.99926e-04	 1.26216e-30	 3.23852e-10	 3.26769e-12	1.78959e-180	 3.09741e-87	 0.00000e+00	 2.67391e-94	 0.00000e+00	2.13649e-145	 0.00000e+00	2.02991e-312	 0.00000e+00	#_74        
   75	1	1	0	0	1	-1	-1	100	0.003470134	0.07423432	0.06679941	0.04881098	0.0652381	0.1297612	0.190713973	0.28535541	0.017787835	9.20528e-02	0.004833757	9.40836e-03	2.80906e-04	9.14595e-03	2.00727e-03	1.61016e-05	1.51443e-06	8.19787e-05	 3.65491e-20	 4.48816e-09	 4.82252e-16	 2.55916e-11	 2.42067e-45	1.22532e-244	7.91602e-220	6.43459e-190	 0.00000e+00	 0.00000e+00	 0.00000e+00	 0.00000e+00	#_75        
   76	1	1	0	0	1	-1	-1	100	0.009581163	0.14161717	0.07417861	0.12061939	0.0926067	0.0517745	0.048363258	0.16323903	0.213738043	6.40370e-03	0.030955353	2.28253e-03	1.29018e-02	1.03105e-02	7.41094e-03	1.35775e-02	2.72375e-06	4.36825e-04	 5.50212e-14	 1.78489e-07	 1.93551e-36	 4.67852e-08	1.63829e-254	1.80142e-154	6.55242e-134	9.48574e-130	4.73708e-242	3.64476e-278	 0.00000e+00	 0.00000e+00	#_76        
   77	1	1	0	0	1	-1	-1	100	0.034212992	0.03788945	0.08525512	0.13120579	0.1429505	0.1000671	0.041648923	0.10700415	0.071898290	2.03766e-01	0.002804453	8.17707e-03	1.00455e-03	8.94808e-04	6.33175e-05	2.14573e-04	3.07073e-02	2.51581e-07	 3.75068e-11	 2.23776e-07	 9.79290e-32	 1.50099e-12	 2.35016e-04	3.11928e-164	 3.39463e-31	 0.00000e+00	3.52548e-250	 0.00000e+00	 0.00000e+00	 0.00000e+00	#_77        
   78	1	1	0	0	1	-1	-1	100	0.005533338	0.10800426	0.08205140	0.15713851	0.1067700	0.1180961	0.035321906	0.04235432	0.058846165	7.88868e-02	0.142970486	2.90096e-02	1.60269e-02	5.24617e-04	5.00423e-03	8.36032e-05	7.80019e-03	5.48713e-03	 6.01486e-43	 8.97549e-05	 6.82324e-07	 2.41183e-84	 2.83708e-88	 1.65234e-64	4.04216e-107	6.06560e-194	 2.00390e-88	 0.00000e+00	 0.00000e+00	9.51121e-220	#_78        
   79	1	1	0	0	1	-1	-1	100	0.013447973	0.05141320	0.16108702	0.05169714	0.1361562	0.0771910	0.123560658	0.08880414	0.037833174	3.44496e-02	0.040717830	8.68369e-02	1.91919e-02	2.58738e-02	1.67312e-04	2.28860e-03	2.01153e-02	2.87747e-02	 3.12916e-08	 2.13260e-04	 1.80394e-04	 9.37679e-23	 2.23970e-30	4.27739e-223	9.65737e-160	9.17498e-136	1.55605e-187	 0.00000e+00	 0.00000e+00	 0.00000e+00	#_79        
   80	1	1	0	0	1	-1	-1	100	0.015522609	0.01239670	0.03773099	0.20098300	0.0745489	0.1893740	0.080139181	0.19104502	0.009565186	1.18865e-02	0.024817806	5.90337e-02	5.75490e-02	2.79692e-05	2.36305e-02	9.72290e-05	5.73193e-05	9.06066e-04	 2.37575e-03	 8.30905e-03	 3.49807e-06	 8.02273e-18	 2.06158e-08	7.97489e-115	 0.00000e+00	 1.89972e-52	1.21319e-104	1.14152e-203	 0.00000e+00	 2.58781e-67	#_80        
   81	1	1	0	0	1	-1	-1	100	0.038549546	0.04984917	0.03268225	0.07982194	0.2571179	0.1036792	0.117337129	0.03933454	0.119070505	5.41180e-02	0.026627305	5.11419e-03	2.58258e-02	1.25054e-02	1.80718e-04	7.67696e-03	4.10850e-03	8.50894e-04	 6.43096e-03	 8.32617e-04	 1.82865e-02	 3.82826e-18	 3.97538e-18	 6.26605e-61	 2.03838e-25	 1.27213e-39	 2.36488e-21	 7.78766e-56	 1.86502e-57	 0.00000e+00	#_81        
   82	1	1	0	0	1	-1	-1	100	0.004468213	0.15299330	0.08230936	0.06063342	0.0980101	0.2014501	0.040722380	0.05533360	0.115421049	5.03920e-02	0.009154640	6.87765e-03	3.26402e-02	6.79427e-02	1.61735e-02	6.14303e-07	1.07952e-03	2.68224e-08	 1.37220e-05	 3.28804e-16	 3.76753e-03	 6.27998e-05	 1.58252e-17	 5.53643e-04	 6.00037e-36	 7.02931e-94	 1.58924e-39	 1.66622e-24	 5.24170e-21	 0.00000e+00	#_82        
   83	1	1	0	0	1	-1	-1	100	0.018845948	0.01673880	0.25082277	0.19977096	0.0123460	0.1218691	0.078994904	0.05550667	0.082999633	3.39094e-02	0.064981496	1.90949e-02	7.55768e-03	3.25833e-03	6.48412e-03	2.33113e-02	7.82468e-07	2.02575e-03	 5.20501e-04	 7.50597e-04	 1.63389e-07	 3.59619e-08	 1.08477e-12	 3.49068e-46	 6.23125e-83	2.39057e-171	 2.10133e-04	 1.23264e-10	1.11917e-131	 6.97063e-40	#_83        
   84	1	1	0	0	1	-1	-1	100	0.005343174	0.08023943	0.04348410	0.40019911	0.0695716	0.0166465	0.077519534	0.05910913	0.050826306	6.92213e-02	0.027413540	2.32695e-02	1.23417e-02	8.99703e-03	1.43658e-03	2.94609e-02	2.48734e-02	7.25077e-08	 3.80868e-05	 1.71033e-11	 5.52121e-06	 6.70052e-19	 1.36477e-18	 6.40429e-08	2.42150e-123	 1.51635e-91	 7.22974e-70	 3.49152e-06	9.98903e-202	1.26174e-126	#_84        
   85	1	1	0	0	1	-1	-1	100	0.053423348	0.03081965	0.14269666	0.08228183	0.3218467	0.0979454	0.022140892	0.03387175	0.057694408	2.06448e-03	0.004257766	2.04350e-02	5.84163e-02	9.19581e-03	5.18266e-03	1.21764e-02	2.00827e-02	1.37277e-02	 5.44491e-09	 6.98353e-04	 5.58827e-15	 3.03583e-37	 1.09149e-02	 2.56766e-09	 1.27262e-04	 9.91097e-28	 9.74276e-13	 3.31057e-88	1.84296e-190	 7.00281e-61	#_85        
   86	1	1	0	0	1	-1	-1	100	0.038216615	0.08699379	0.04970353	0.29077281	0.1061806	0.2156084	0.069323284	0.00640845	0.020495088	2.82496e-02	0.030232461	4.67878e-03	1.34451e-02	7.91549e-03	2.06051e-03	7.24383e-09	1.07074e-04	2.17685e-02	 4.98931e-03	 1.27652e-03	 9.66883e-04	 1.07941e-11	 1.11291e-49	 6.06306e-17	 4.45445e-06	 6.02781e-04	1.41897e-122	 1.03317e-61	 8.39233e-09	 7.88915e-51	#_86        
   87	1	1	0	0	1	-1	-1	100	0.048712701	0.07766113	0.07545977	0.04055599	0.2699958	0.1112357	0.195210434	0.06047674	0.007925637	3.60445e-02	0.020312557	4.38837e-03	8.01320e-03	2.44756e-02	2.02955e-03	1.50176e-06	7.96344e-06	3.62989e-06	 2.76084e-03	 2.67412e-03	 3.37002e-04	 1.17171e-02	 5.79043e-25	 6.15565e-38	 1.38841e-09	 4.38144e-24	 7.23042e-15	 1.49943e-11	1.08214e-110	 6.01892e-10	#_87        
   88	1	1	0	0	1	-1	-1	100	0.020232768	0.11751758	0.10441765	0.15562809	0.0509072	0.2273246	0.025180385	0.15033681	0.022049271	4.14787e-02	0.015865173	2.59060e-03	3.86342e-03	5.71456e-03	8.75540e-03	6.76746e-03	2.79991e-02	9.29462e-03	 5.05999e-05	 2.14811e-03	 1.87780e-03	 3.25345e-08	 9.64233e-13	 1.04550e-09	 4.27273e-11	 3.38447e-17	 1.63871e-13	 2.13257e-50	 0.00000e+00	 5.80160e-28	#_88        
   89	1	1	0	0	1	-1	-1	100	0.022942977	0.06455353	0.11922092	0.18761184	0.2072321	0.0206605	0.113728232	0.05873207	0.122584784	1.39933e-02	0.014066096	1.34874e-02	1.27467e-02	3.45483e-04	1.44926e-03	1.32216e-02	1.95008e-03	1.34188e-04	 1.38350e-04	 5.50461e-07	 2.39091e-05	 1.11370e-02	 5.83500e-20	 3.91658e-05	 4.74007e-21	 1.31099e-15	 3.91294e-16	 2.65000e-59	 8.39085e-12	 3.17929e-68	#_89        
   90	1	1	0	0	1	-1	-1	100	0.031491579	0.03412696	0.05464558	0.22019420	0.2017662	0.1063144	0.014308022	0.11986595	0.014362848	8.23167e-02	0.045377061	2.29675e-02	5.64512e-04	7.83260e-03	1.07022e-02	2.65226e-03	7.43202e-03	2.26725e-02	 1.28085e-04	 1.68193e-30	 5.23388e-07	 1.12338e-04	 1.36041e-04	 1.46723e-29	 3.00394e-05	 2.81851e-20	 9.51408e-50	 3.83143e-09	4.76920e-149	 2.27928e-17	#_90        
   91	1	1	0	0	1	-1	-1	100	0.007581055	0.01861453	0.02549094	0.13033815	0.2135245	0.1936149	0.070130968	0.03202080	0.105743560	4.92074e-02	0.069127519	2.44929e-02	1.07573e-02	3.28071e-03	3.43935e-02	4.97443e-04	1.93877e-03	2.11898e-03	 4.75809e-05	 2.02897e-03	 1.38378e-09	 3.11153e-05	 3.51170e-03	 1.50062e-03	 3.36934e-28	 5.98340e-06	 3.48974e-28	 1.77214e-08	 2.41387e-58	 2.27032e-11	#_91        
   92	1	1	0	0	1	-1	-1	100	0.038290677	0.01756521	0.02437928	0.21008070	0.1516837	0.1849329	0.180212269	0.03870102	0.009842569	4.95161e-02	0.018724237	4.45119e-02	1.97953e-02	1.01152e-03	3.67653e-03	1.51554e-03	6.45490e-07	1.21876e-04	 5.21462e-04	 3.20721e-04	 6.28568e-04	 6.55827e-07	 1.31620e-05	 1.64536e-06	 1.23477e-08	 2.46808e-26	 2.93162e-05	 7.50414e-25	 3.92249e-03	 1.21309e-15	#_92        
   93	1	1	0	0	1	-1	-1	100	0.010539556	0.08444560	0.04303122	0.12599320	0.1362494	0.1594145	0.097433785	0.12472452	0.041896507	1.84388e-02	0.063810503	6.39314e-03	6.68785e-02	1.29770e-02	1.84782e-04	3.60580e-03	3.36847e-03	1.30046e-05	 3.20597e-07	 9.96502e-05	 3.66700e-04	 3.21646e-12	 4.74031e-11	 2.17309e-10	 7.97061e-05	 5.53653e-05	 4.08054e-49	 7.15771e-11	3.70844e-221	 8.48991e-63	#_93        
   94	1	1	0	0	1	-1	-1	100	0.007608953	0.00942812	0.17867894	0.06945950	0.0922748	0.0666314	0.112655559	0.10212934	0.157999073	4.20198e-02	0.009357600	3.23678e-02	9.97208e-03	6.52834e-02	1.05691e-03	1.46741e-02	4.02511e-03	1.50070e-02	 1.37646e-03	 1.11972e-04	 1.61291e-03	 3.06055e-03	 2.08924e-05	 9.94889e-09	 1.34538e-07	 3.18737e-03	 2.81732e-07	 7.81975e-52	 1.86593e-37	 2.18807e-24	#_94        
   95	1	1	0	0	1	-1	-1	100	0.015635042	0.06986362	0.04978522	0.18097060	0.0968005	0.0598762	0.087525116	0.15804874	0.100682425	6.07595e-02	0.033619085	1.32392e-02	2.58051e-02	1.00631e-02	1.39652e-02	1.17823e-03	1.21162e-03	8.61066e-05	 1.05112e-02	 1.56808e-13	 1.12452e-04	 5.91110e-08	 1.02424e-02	 3.62555e-08	 1.07908e-11	 1.39185e-12	 1.76819e-05	 7.02523e-09	 1.49565e-06	 1.99575e-36	#_95        
   96	1	1	0	0	1	-1	-1	100	0.081344464	0.06557589	0.08138789	0.09430899	0.1354392	0.0905675	0.090195777	0.06913371	0.104125783	3.52996e-02	0.038235336	1.79862e-02	1.97963e-03	3.70109e-02	4.26252e-03	3.24847e-02	1.78430e-02	2.69954e-04	 6.10287e-04	 1.87303e-05	 5.20811e-13	 1.50521e-08	 3.12562e-07	 1.91918e-03	 6.38317e-29	 1.61464e-27	 7.13922e-56	 4.86963e-23	 3.87812e-07	 1.30336e-11	#_96        
   97	1	1	0	0	1	-1	-1	100	0.010251612	0.31797581	0.10736467	0.06775951	0.0525508	0.1306408	0.026975260	0.01364585	0.037604041	5.14949e-02	0.076504656	4.52721e-02	1.58064e-02	1.21473e-06	1.28374e-02	2.50018e-03	1.83278e-02	5.14392e-05	 1.76005e-03	 4.68272e-04	 4.69346e-04	 7.06015e-05	 9.37663e-03	 2.11191e-05	 2.69594e-04	 1.44797e-52	 8.20097e-25	 5.16896e-18	 8.14510e-12	 4.75986e-12	#_97        
   98	1	1	0	0	1	-1	-1	100	0.008793801	0.01369274	0.39952808	0.11445656	0.0888001	0.0504390	0.050308928	0.06697341	0.015078525	1.23124e-02	0.025899142	4.52675e-03	2.18267e-02	2.23604e-02	5.27880e-04	2.05310e-02	6.14530e-03	6.19127e-02	 1.51758e-07	 1.89812e-17	 6.26098e-03	 9.50734e-03	 1.16782e-04	 6.19216e-09	 1.59517e-32	 5.76999e-08	 3.21462e-31	 2.96838e-19	 1.89728e-22	 1.26319e-06	#_98        
   99	1	1	0	0	1	-1	-1	100	0.037592313	0.07622776	0.06009251	0.52899381	0.0618418	0.0601508	0.068106446	0.02365863	0.017328323	9.21482e-03	0.000265022	2.94910e-03	8.37313e-03	1.12396e-02	3.38965e-03	9.28803e-08	1.45049e-03	6.10023e-09	 2.72769e-02	 1.84832e-03	 1.51628e-10	 4.46734e-07	 1.23089e-08	 6.74492e-21	 9.78323e-55	 2.73494e-11	 1.67353e-15	 2.71029e-54	1.85264e-156	 7.35851e-16	#_99        
  100	1	1	0	0	1	-1	-1	100	0.003468053	0.01745665	0.09825698	0.05767702	0.5335199	0.0578491	0.030439965	0.05427168	0.042656796	1.08100e-02	0.025729849	7.26580e-03	9.55141e-03	2.48286e-02	1.58490e-02	3.54630e-03	1.56457e-21	4.45828e-03	 4.44680e-04	 2.62108e-04	 1.32145e-03	 2.99014e-04	 6.06660e-27	 2.47611e-19	 2.21123e-08	 3.39802e-17	 4.36049e-36	 6.33095e-06	 1.46206e-17	 3.10233e-05	#_100       
-9999	0	0	0	0	0	 0	 0	  0	0.000000000	0.00000000	0.00000000	0.00000000	0.0000000	0.0000000	0.000000000	0.00000000	0.000000000	0.00000e+00	0.000000000	0.00000e+00	0.00000e+00	0.00000e+00	0.00000e+00	0.00000e+00	0.00000e+00	0.00000e+00	 0.00000e+00	 0.00000e+00	 0.00000e+00	 0.00000e+00	 0.00000e+00	 0.00000e+00	 0.00000e+00	 0.00000e+00	 0.00000e+00	 0.00000e+00	 0.00000e+00	 0.00000e+00	#_terminator
#
#_MeanSize_at_Age_obs
0 #_use_MeanSize_at_Age_obs
0 #_N_environ_variables
0 #_N_sizefreq_methods
0 #_do_tags
0 #_morphcomp_data
0 #_use_selectivity_priors
#
999
