ParName   Value   Gradient
recdev_early(-28)    0.0041973 -4.04446e-06
recdev_early(-27)   0.00459295 -4.28773e-06
recdev_early(-26)    0.0050263  -4.5247e-06
recdev_early(-25)   0.00549992 -4.74957e-06
recdev_early(-24)   0.00601825 -4.95418e-06
recdev_early(-23)   0.00658394 -5.12943e-06
recdev_early(-22)   0.00720468 -5.26139e-06
recdev_early(-21)    0.0078836 -5.33679e-06
recdev_early(-20)   0.00862961 -5.33586e-06
recdev_early(-19)    0.0094456 -5.24017e-06
recdev_early(-18)    0.0103365 -5.02829e-06
recdev_early(-17)    0.0113107 -4.67478e-06
recdev_early(-16)    0.0123783 -4.15173e-06
recdev_early(-15)    0.0135452  -3.4358e-06
recdev_early(-14)    0.0148214 -2.50443e-06
recdev_early(-13)    0.0162205 -1.33998e-06
recdev_early(-12)     0.017751  5.74918e-08
recdev_early(-11)    0.0194255  1.66971e-06
recdev_early(-10)    0.0212629  3.45332e-06
recdev_early(-9)    0.0232806  5.32271e-06
recdev_early(-8)    0.0254963  7.14004e-06
recdev_early(-7)     0.027936  8.71863e-06
recdev_early(-6)     0.030634  9.81933e-06
recdev_early(-5)     0.033636  1.01752e-05
recdev_early(-4)    0.0370148  9.54647e-06
recdev_early(-3)    0.0408842  7.80744e-06
recdev_early(-2)    0.0453962  5.11504e-06
recdev_early(-1)    0.0507347  2.19495e-06
recdev_early(0)    0.0571184  6.00398e-07
recdev1(1)  -0.00541148  3.17252e-06
recdev1(2)   0.00331482  5.03709e-06
recdev1(3)    0.0140134  2.24541e-06
recdev1(4)    0.0272044  3.52329e-06
recdev1(5)     0.043516  1.17596e-05
recdev1(6)    0.0636645  1.40268e-06
recdev1(7)    0.0883866 -2.70021e-07
recdev1(8)     0.118222   2.4868e-05
recdev1(9)     0.152992  -1.9182e-05
recdev1(10)     0.190712 -8.00949e-07
recdev1(11)      0.22543 -8.03753e-06
recdev1(12)     0.244522 -4.03613e-06
recdev1(13)     0.229496 -1.06753e-06
recdev1(14)     0.167837  1.54345e-06
recdev1(15)     0.068845 -1.35631e-05
recdev1(16)   -0.0371541 -4.16419e-06
recdev1(17)     -0.11115 -1.34252e-05
recdev1(18)    -0.119504  5.13566e-07
recdev1(19)   -0.0834909  1.08401e-05
recdev1(20)    -0.196723  1.07334e-05
recdev1(21)    -0.496583  1.82052e-06
recdev1(22)    -0.489407 -2.24582e-05
recdev1(23)      0.72921 -8.03547e-06
recdev1(24)     0.385195  2.25736e-05
recdev1(25)     0.800421 -2.24037e-05
recdev1(26)     0.390032   1.0803e-05
recdev1(27)    -0.137023  8.23713e-06
recdev1(28)     0.564248   -1.983e-05
recdev1(29)     0.300001  1.74451e-05
recdev1(30)    -0.388385 -1.18123e-05
recdev1(31)     0.229057 -1.04384e-05
recdev1(32)    -0.134708  2.24806e-05
recdev1(33)    -0.708401 -3.83823e-05
recdev1(34)    -0.859595  3.92904e-05
recdev1(35)      -1.0037 -4.12937e-05
recdev1(36)     0.161931  7.73265e-06
recdev1(37)     0.423457 -1.44617e-05
recdev1(38)   0.00333983  1.01174e-05
recdev1(39)     0.643614 -8.90225e-06
recdev1(40)      1.49247 -2.11633e-05
recdev1(41)    -0.685075  4.83459e-05
recdev1(42)    -0.452934  8.70323e-06
recdev1(43)     0.389258 -3.62977e-05
recdev1(44)    -0.293635  8.55488e-05
recdev1(45)    -0.227899 -7.00775e-05
recdev1(46)      0.52732  1.84127e-05
recdev1(47)   -0.0433677 -4.25789e-05
recdev1(48)    -0.605552  5.12592e-05
recdev1(49)    0.0444567   -1.862e-05
recdev1(50)    0.0268353  1.40207e-05
recdev1(51)      -0.3297 -1.86051e-05
recdev1(52)     0.228253  6.97152e-06
recdev1(53)     0.227881 -4.53229e-06
recdev1(54)    0.0498546 -2.70282e-07
recdev1(55)      0.10065  2.04518e-06
recdev1(56)     0.252048  -6.5216e-06
recdev1(57)      0.79951   7.8986e-06
recdev1(58)     0.150175 -3.01995e-05
recdev1(59)    -0.848951   9.7069e-05
recdev1(60)     0.721393 -1.20764e-05
recdev1(61)      1.06966  -1.5555e-07
recdev1(62)     -0.02889  1.81268e-05
recdev1(63)    -0.197995  -1.8142e-05
recdev1(64)    0.0290966  5.68116e-06
recdev1(65)      1.07162  3.18314e-06
recdev1(66)    -0.776378 -5.51523e-05
recdev1(67)      1.74925 -6.64274e-07
recdev1(68)     0.965614  1.90417e-05
recdev1(69)    -0.300621 -6.34506e-05
recdev1(70)    -0.141788  2.10758e-05
recdev1(71)    -0.549508  8.34591e-06
recdev1(72)     0.010693 -2.77334e-06
recdev1(73)    -0.589378  4.58853e-06
recdev1(74)    -0.482657  2.90942e-06
recdev1(75)    -0.339075 -2.74734e-07
recdev1(76)     0.243379  2.98041e-06
recdev1(77)     -1.00353  8.72832e-06
recdev1(78)     -0.86554 -2.43033e-06
recdev1(79)    -0.779482  8.60396e-06
recdev1(80)     0.725629  2.18038e-06
recdev1(81)   -0.0840556  2.31111e-06
recdev1(82)    0.0433487   7.3615e-06
recdev1(83)    -0.899582 -2.59715e-05
recdev1(84)    -0.652281  3.43721e-05
recdev1(85)     0.936083 -3.33542e-06
recdev1(86)   -0.0328129  1.20163e-05
recdev1(87)    -0.291928  3.78861e-06
recdev1(88)    -0.265573 -1.80461e-05
recdev1(89)    -0.472649  5.21669e-05
recdev1(90)     -0.85281 -7.21079e-05
recdev1(91)    0.0153676  2.48415e-05
recdev1(92)    -0.880854  -3.6365e-05
recdev1(93)    -0.572394  1.92907e-05
recdev1(94)    -0.286521 -5.54289e-06
recdev1(95)      1.47265  4.59778e-06
recdev1(96)  -0.00650472  1.18659e-06
Fcast_recruitments(97)    0.0180285  2.09644e-06
Fcast_recruitments(98)    0.0512094 -9.73694e-07
Fcast_recruitments(99)     0.230211  4.69774e-07
Fcast_recruitments(100)   -0.0848925  4.22885e-07
Fcast_recruitments(101)            0            0
