ParName   Value   Gradient
SR_parm[1]      10.0877    0.0024621
recdev_early(-28)   -0.0233679   -1.068e-07
recdev_early(-27)    -0.027833 -1.47798e-07
recdev_early(-26)   -0.0330975  2.71584e-07
recdev_early(-25)   -0.0393145 -3.49653e-07
recdev_early(-24)   -0.0466418  4.28345e-07
recdev_early(-23)   -0.0552114 -8.49151e-08
recdev_early(-22)   -0.0652361  -1.3385e-07
recdev_early(-21)   -0.0768438 -1.68608e-07
recdev_early(-20)    -0.090201  8.06879e-08
recdev_early(-19)    -0.105466  -2.6723e-08
recdev_early(-18)    -0.122684   4.7887e-09
recdev_early(-17)     -0.14187  9.59759e-09
recdev_early(-16)    -0.162836 -2.58389e-07
recdev_early(-15)    -0.185175  4.64648e-08
recdev_early(-14)    -0.208136  1.22325e-07
recdev_early(-13)    -0.230477   4.0995e-08
recdev_early(-12)    -0.250243  2.03212e-07
recdev_early(-11)    -0.264364  2.73331e-07
recdev_early(-10)    -0.268155  3.32453e-07
recdev_early(-9)    -0.254342  1.18314e-07
recdev_early(-8)      -0.2115 -3.06234e-08
recdev_early(-7)    -0.121238  2.22116e-07
recdev_early(-6)    0.0437381 -8.51348e-08
recdev_early(-5)     0.273201 -1.09876e-06
recdev_early(-4)     0.156074 -2.32059e-08
recdev_early(-3)     -0.32668 -1.36915e-06
recdev_early(-2)    -0.292145   1.7774e-07
recdev_early(-1)   -0.0739824  7.96872e-07
recdev_early(0)    0.0651948   4.6891e-07
recdev1(1)    -0.450488 -2.06915e-05
recdev1(2)    -0.331987 -2.04283e-05
recdev1(3)      1.23488 -1.37525e-05
recdev1(4)   -0.0539306 -2.03884e-05
recdev1(5)   -0.0175845 -1.87434e-05
recdev1(6)      1.24117 -1.12907e-05
recdev1(7)     0.178576 -1.73924e-05
recdev1(8)    -0.638353 -1.95512e-05
recdev1(9)    -0.694909 -1.96558e-05
recdev1(10)    -0.292856 -1.76428e-05
recdev1(11)     0.866601 -7.97482e-06
recdev1(12)    0.0922002 -1.54617e-05
recdev1(13)     0.240117 -1.29287e-05
recdev1(14)    -0.013181 -1.42603e-05
recdev1(15)    -0.619838 -1.76566e-05
recdev1(16)      1.35057  1.56398e-05
recdev1(17)     0.302464 -5.73272e-06
recdev1(18)     -1.74615 -1.74937e-05
recdev1(19)     0.417816  3.61094e-06
recdev1(20)    -0.387074 -9.91422e-06
recdev1(21)     -1.18714 -1.56183e-05
recdev1(22)     -0.14805 -1.84854e-06
recdev1(23)    -0.831137 -9.25523e-06
recdev1(24)    -0.493362 -3.52257e-06
recdev1(25)    -0.544307 -5.49257e-06
recdev1(26)     -1.75834 -1.46569e-05
recdev1(27)      0.62657  4.63509e-05
recdev1(28)    0.0912529    2.112e-05
recdev1(29)    -0.806957 -1.12311e-06
recdev1(30)     0.844507  7.82871e-05
recdev1(31)     0.360241  4.37767e-05
recdev1(32)    -0.438629  9.71428e-06
recdev1(33)     0.664576  7.14556e-05
recdev1(34)     0.583393  7.60454e-05
recdev1(35)     0.551711  6.51754e-05
recdev1(36)     0.493147  7.44533e-05
recdev1(37)     0.326572  6.29919e-05
recdev1(38)    -0.298632  2.81332e-05
recdev1(39)    -0.312115    2.487e-05
recdev1(40)    -0.322075  3.26253e-05
recdev1(41)     -0.59208  1.30222e-05
recdev1(42)    -0.344141  1.98303e-05
recdev1(43)     -1.01698 -2.38058e-06
recdev1(44)      1.63608  0.000204591
recdev1(45)     0.919186  8.27852e-05
recdev1(46)    -0.898579 -2.56088e-06
recdev1(47)    -0.314601   9.2415e-06
recdev1(48)    -0.572431  3.79655e-06
recdev1(49)     0.634654   5.4989e-05
recdev1(50)    0.0457772   1.7443e-05
recdev1(51)    0.0872894  1.49557e-05
recdev1(52)    -0.192465  2.38556e-06
recdev1(53)   0.00970538  3.12413e-06
recdev1(54)     0.989619  2.99543e-05
recdev1(55)    -0.158486 -6.59182e-06
recdev1(56)      1.19353   2.4675e-05
recdev1(57)       -1.043 -1.57003e-05
recdev1(58)     0.391721 -2.55892e-06
recdev1(59)   -0.0460616 -9.81405e-06
recdev1(60)      0.10677 -8.91626e-06
recdev1(61)     0.292524 -1.01237e-05
recdev1(62)    -0.412708 -1.56055e-05
recdev1(63)    -0.293924 -1.57888e-05
recdev1(64)    -0.965397 -1.82682e-05
recdev1(65)     -1.03583 -1.89827e-05
recdev1(66)     0.171929 -1.76963e-05
recdev1(67)     0.320297  -1.7874e-05
recdev1(68)     0.103443 -1.98279e-05
recdev1(69)     0.684928 -1.81501e-05
recdev1(70)      1.61452 -1.51078e-05
recdev1(71)    -0.315336 -1.97817e-05
recdev1(72)     -1.51053 -2.01117e-05
recdev1(73)     0.791575 -2.12591e-05
recdev1(74)    -0.636665 -2.01653e-05
recdev1(75)    -0.750937  -1.9715e-05
recdev1(76)     0.745771  -2.1615e-05
recdev1(77)    -0.240176 -2.13768e-05
recdev1(78)     -1.02914 -2.23674e-05
recdev1(79)    0.0621381 -2.13802e-05
recdev1(80)    -0.308033  -2.1787e-05
recdev1(81)   -0.0443801 -2.24863e-05
recdev1(82)     0.280747 -2.37321e-05
recdev1(83)    -0.552779 -2.22221e-05
recdev1(84)     0.423953   -2.195e-05
recdev1(85)    -0.229659  -2.0421e-05
recdev1(86)     0.221446 -2.03412e-05
recdev1(87)     0.760008 -2.28194e-05
recdev1(88)     0.114364 -2.11782e-05
recdev1(89)     -0.60756  -2.1087e-05
recdev1(90)     0.732768 -2.27374e-05
recdev1(91)     0.624007 -2.29422e-05
recdev1(92)     0.208304 -2.24779e-05
recdev1(93)    0.0458066 -2.22729e-05
recdev1(94)    -0.689663 -2.13891e-05
recdev1(95)     0.812576 -2.22193e-05
recdev1(96)    -0.792278 -2.24007e-05
recdev1(97)      1.46769 -1.70001e-05
recdev1(98)      1.02142 -1.91662e-05
Fcast_recruitments(99)    -0.322069  5.24053e-08
Fcast_recruitments(100)     -0.96712 -1.65308e-07
Fcast_recruitments(101)            0            0
Fcast_recruitments(102)            0            0
Fcast_recruitments(103)            0            0
Fcast_recruitments(104)            0            0
Fcast_recruitments(105)            0            0
Fcast_recruitments(106)            0            0
Fcast_recruitments(107)            0            0
Fcast_recruitments(108)            0            0
Fcast_recruitments(109)            0            0
Fcast_recruitments(110)            0            0
selparm[1]      42.1629  0.000223943
selparm[3]      5.10899 -0.000288173
